82414
82333
82392
82351
82359
82345
82297
82486
82443
82340
82423
82477
82401
82482
82380
82324
82443
82399
82464
82304
82354
82423
82506
82390
82485
82351
82352
82432
82468
82362
82515
82479
82362
82435
82525
82419
82358
82482
82383
82372
82428
82317
82419
82455
82322
82309
82426
82468
82398
82462
82299
82446
82387
82473
82401
82489
82369
82299
82410
82470
82340
82426
82392
82367
82322
82342
82408
82455
82282
82224
82387
82534
82374
82360
82335
82376
82451
82338
82367
82452
82443
82491
82326
82452
82360
82250
82464
82374
82435
82378
82493
82396
82473
82212
82328
82428
82509
82405
82355
82317
82380
82426
82462
82367
82308
82300
82275
82378
82516
82369
82450
82371
82320
82351
82486
82387
82452
82381
82369
82399
82468
82369
82434
82303
82387
82307
82477
82374
82378
82199
82378
82390
82428
82350
82417
82295
82412
82271
82459
82342
82362
82414
82329
82229
82302
82491
82356
82466
82220
82229
82488
82468
82399
82454
82443
82414
82398
82421
82389
82464
82358
82336
82376
82486
82342
82318
82363
82243
82284
82432
82346
82461
82383
82401
82347
82516
82372
82482
82401
82453
82426
82453
82367
82267
82211
82455
82372
82543
82358
82426
82340
82480
82229
82405
82507
82374
82356
82491
82399
82331
82363
82410
82305
82465
82428
82560
82326
82392
82365
82473
82331
82443
82380
82470
82387
82392
82220
82461
82365
82480
82472
82326
82417
82425
82362
82489
82353
82331
82569
82392
82365
82321
82466
82452
82435
82362
82569
82502
82495
82469
82205
82441
82522
82469
82480
82489
82527
82441
82448
82440
82434
82470
82450
82389
82524
82529
82425
82430
82490
82283
82533
82491
82409
82412
82390
82464
82572
82482
82422
82451
82443
82344
82470
82472
82416
82386
82472
82383
82556
82450
82473
82430
82475
82486
82311
82529
82688
82470
82421
82390
82410
82558
82490
82416
82419
82422
82299
82511
82493
82439
82437
82479
82337
82378
82450
82436
82401
82538
82508
82461
82536
82403
82524
82352
82392
82533
82484
82335
82500
82422
82381
82572
82454
82400
82484
82440
82532
82488
82470
82430
82418
82367
82581
82479
82461
82421
82459
82482
82245
82732
82417
82479
82457
82373
82442
82485
82488
82459
82446
82413
82428
82403
82509
82443
82464
82596
82481
82520
82434
82479
82452
82359
82356
82479
82442
82443
82400
82359
82434
82461
82472
82484
82470
82286
82443
82572
82394
82460
82639
82499
82520
82486
82417
82412
82490
82371
82457
82407
82316
82439
82484
82378
82301
82457
82316
82536
82491
82397
82386
82434
82560
82303
82499
82412
82450
82346
82695
82572
82434
82446
82509
82434
82389
82551
82433
82409
82493
82416
82380
82441
82716
82448
82464
82511
82617
82523
82477
82403
82424
82323
82401
82464
82460
82450
82450
82473
82428
82316
82424
82466
82466
82455
82439
82527
82532
82538
82392
82473
82413
82565
82433
82502
82457
82413
82421
82726
82532
82467
82484
82418
82533
82325
82449
82457
82413
82464
82393
82563
82447
82472
82399
82437
82487
82422
82520
82475
82496
82581
82377
82414
82467
82535
82501
82274
82443
82389
82417
82487
82468
82446
82454
82455
82389
82519
82451
82439
82449
82413
82400
82535
82460
82510
82487
82489
82447
82280
82426
82490
82467
82353
82429
82445
82421
82474
82481
82442
82459
82379
82433
82395
82489
82471
82421
82436
82478
82490
82449
82474
82447
82346
82496
82390
82510
82353
82447
82427
82535
82433
82489
82367
82418
82388
82487
82474
82492
82496
82463
82460
82300
82435
82413
82499
82537
82418
82435
82469
82517
82434
82427
82447
82333
82499
82487
82483
82403
82352
82434
82465
82508
82435
82439
82417
82423
82415
82417
82451
82384
82447
82544
82387
82458
82478
82208
82438
82389
82453
82474
82478
82372
82423
82466
82375
82427
82458
82445
82485
82394
82438
82499
82442
82480
82411
82559
82429
82469
82456
82496
82337
82376
82496
82469
82517
82433
82358
82399
82478
82442
82320
82483
82249
82487
82499
82535
82501
82468
82480
82404
82398
82514
82424
82489
82456
82370
82297
82440
82492
82483
82318
82297
82395
82475
82469
82490
82367
82376
82378
82523
82345
82412
82498
82449
82438
82397
82451
82376
82433
82472
82463
82370
82469
82484
82492
82414
82426
82415
82385
82481
82510
82481
82447
82562
82484
82418
82322
82440
82420
82481
82413
82490
82449
82449
82454
82297
82426
82490
82483
82447
82452
82456
82490
82418
82461
82373
82519
82430
82528
82394
82450
82456
82501
82438
82392
82435
82439
82465
82475
82496
82288
82446
82463
82394
82456
82410
82544
82383
82436
82362
82489
82439
82519
82439
82376
82544
82474
82431
82448
82382
82460
82237
82416
82434
82371
82406
82499
82387
82420
82347
82463
82424
82403
82430
82483
82376
82417
82498
82394
82461
82425
82441
82362
82243
82360
82450
82405
82349
82362
82325
82439
82414
82396
82394
82365
82367
82394
82385
82441
82423
82441
82315
82414
82405
82376
82401
82362
82264
82349
82324
82455
82349
82347
82297
82439
82385
82441
82350
82423
82351
82353
82365
82385
82405
82407
82369
82249
82387
82335
82340
82412
82434
82315
82421
82405
82432
82282
82342
82335
82324
82414
82380
82325
82386
82286
82412
82374
82412
82375
82483
82344
82326
82369
82403
82459
82275
82344
82365
82410
82448
82316
82261
82432
82353
82401
82430
82450
82272
82317
82370
82342
82450
82385
82372
82360
82359
82396
82466
82394
82338
82432
82511
82403
82367
82448
82448
82252
82378
82700
82385
82394
82466
82328
82351
82529
82394
82398
82414
82251
82457
82547
82464
82411
82295
82445
82320
82475
82376
82423
82314
82353
82337
82709
82371
82380
82314
82283
82484
82322
82385
82709
82405
82475
82351
82380
82304
82530
82450
82318
82376
82356
82403
82525
82385
82304
82405
82396
82349
82714
82416
82434
82407
82378
82723
82396
82360
82477
82425
82362
82712
82315
82367
82396
82280
82335
82574
82405
82394
82314
82376
82696
82360
82405
82374
82388
82500
82380
82371
82387
82434
82574
82473
82393
82345
82377
82572
82416
82356
82371
82353
82387
82507
82450
82305
82434
82448
82360
82428
82383
82441
82377
82389
82565
82351
82423
82453
82358
82404
82723
82346
82389
82450
82459
82358
82712
82412
82606
82340
82250
82349
82574
82378
82573
82340
82541
82511
82369
82484
82594
82450
82586
82554
82387
82475
82597
82467
82224
82594
82480
82441
82574
82595
82496
82455
82462
82513
82613
82586
82376
82547
82501
82520
82466
82576
82433
82576
82486
82453
82523
82554
82343
82579
82480
82504
82459
82615
82460
82455
82453
82423
82466
82594
82399
82504
82433
82608
82471
82597
82441
82583
82444
82487
82468
82518
82543
82590
82570
82433
82538
82622
82622
82492
82460
82453
82532
82353
82570
82431
82540
82367
82534
82712
82590
82522
82594
82459
82691
82450
82556
82721
82381
82462
82545
82491
82565
82488
82345
82471
82491
82507
82583
82675
82423
82560
82392
82478
82563
82453
82478
82428
82513
82514
82529
82498
82356
82585
82700
82484
82583
82500
82529
82388
82459
82466
82383
82529
82511
82409
82432
82493
82500
82588
82586
82350
82520
82393
82660
82564
82485
82617
82455
82568
82457
82576
82506
82543
82403
82468
82489
82570
82506
82407
82428
82477
82466
82577
82700
82450
82466
82461
82410
82603
82478
82554
82437
82462
82484
82538
82394
82462
82577
82496
82430
82569
82363
82498
82597
82459
82514
82437
82532
82703
82615
82480
82433
82398
82545
82514
82373
82453
82549
82523
82554
82506
82554
82478
82345
82505
82552
82559
82570
82489
82428
82487
82624
82705
82492
82463
82477
82531
82606
82482
82561
82466
82471
82468
82603
82497
82455
82570
82673
82478
82561
82667
82410
82531
82443
82469
82576
82412
82624
82464
82558
82427
82365
82579
82549
82685
82464
82493
82455
82396
82439
82374
82467
82421
82478
82400
82421
82367
82487
82383
82545
82427
82657
82356
82450
82279
82536
82405
82416
82421
82504
82583
82520
82403
82394
82520
82311
82486
82574
82394
82473
82392
82392
82543
82527
82421
82457
82342
82403
82547
82547
82374
82363
82397
82399
82504
82394
82430
82435
82331
82329
82525
82234
82527
82439
82441
82511
82366
82466
82525
82405
82391
82529
82385
82482
82529
82356
82410
82511
82450
82347
82401
82280
82430
82495
82464
82322
82574
82360
82467
82347
82482
82384
82408
82365
82391
82410
82486
82427
82329
82529
82419
82475
82504
82489
82473
82552
82428
82368
82495
82241
82410
82543
82428
82466
82386
82315
82473
82502
82383
82370
82357
82358
82384
82538
82392
82372
82527
82412
82559
82563
82446
82446
82520
82441
82448
82545
82392
82428
82450
82493
82326
82554
82378
82412
82439
82437
82249
82426
82409
82392
82311
82372
82425
82435
82518
82421
82312
82497
82351
82354
82531
82378
82312
82482
82263
82392
82545
82403
82491
82540
82655
82371
82590
82430
82388
82516
82374
82522
82545
82383
82374
82376
82403
82318
82527
82396
82378
82383
82520
82387
82538
82412
82450
82493
82522
82405
82439
82511
82383
82376
82477
82278
82392
82565
82356
82312
82520
82356
82401
82547
82390
82421
82360
82513
82367
82313
82432
82471
82391
82487
82320
82375
82396
82417
82369
82495
82392
82529
82466
82303
82378
82464
82394
82520
82381
82457
82338
82375
82504
82403
82451
82288
82384
82529
82338
82556
82369
82484
82500
82344
82475
82475
82387
82518
82491
82554
82230
82383
82391
82500
82547
82520
82358
82297
82400
82466
82511
82536
82336
82347
82378
82366
82495
82527
82421
82412
82376
82349
82477
82493
82207
82302
82367
82428
82439
82516
82565
82365
82394
82448
82455
82538
82518
82394
82338
82370
82347
82495
82538
82372
82732
82340
82408
82480
82331
82302
82561
82414
82430
82448
82518
82579
82303
82364
82378
82502
82498
82507
82376
82401
82329
82448
82520
82741
82441
82271
82403
82468
82392
82498
82313
82458
82351
82419
82741
82547
82339
82364
82383
82544
82495
82363
82400
82539
82448
82374
82477
82502
82408
82709
82383
82323
82486
82543
82214
82718
82401
82439
82359
82534
82270
82707
82356
82343
82312
82493
82588
82331
82347
82327
82500
82529
82703
82403
82401
82419
82511
82536
82514
82385
82347
82401
82484
82588
82518
82281
82369
82403
82531
82410
82545
82222
82382
82484
82309
82284
82399
82398
82442
82394
82267
82434
82509
82324
82579
82351
82455
82267
82504
82218
82718
82376
82513
82464
82518
82707
82502
82421
82325
82489
82437
82606
82347
82356
82349
82311
82536
82525
82358
82387
82511
82351
82563
82482
82378
82349
82444
82495
82466
82529
82396
82606
82356
82468
82349
82466
82233
82590
82347
82267
82493
82538
82347
82570
82345
82412
82504
82520
82351
82448
82405
82444
82478
82304
82518
82328
82387
82354
82486
82330
82437
82342
82421
82258
82437
82520
82579
82351
82354
82430
82495
82421
82493
82330
82394
82442
82532
82357
82484
82311
82599
82360
82439
82491
82299
82448
82403
82583
82491
82482
82545
82221
82707
82587
82473
82502
82493
82500
82723
82614
82439
82502
82498
82534
82543
82610
82357
82494
82489
82550
82608
82491
82572
82476
82473
82433
82462
82563
82408
82451
82460
82509
82561
82590
82433
82410
82500
82480
82590
82559
82543
82368
82494
82500
82568
82415
82640
82428
82460
82473
82462
82559
82394
82608
82410
82480
82463
82440
82452
82464
82574
82478
82420
82572
82543
82392
82525
82519
82514
82584
82485
82617
82467
82523
82534
82419
82363
82420
82562
82547
82527
82499
82460
82542
82457
82597
82523
82614
82546
82716
82494
82570
82464
82370
82422
82485
82465
82597
82505
82374
82460
82519
82689
82597
82496
82430
82476
82472
82467
82552
82437
82455
82447
82696
82505
82579
82509
82368
82599
82473
82561
82597
82516
82451
82347
82483
82543
82523
82579
82498
82441
82552
82562
82545
82565
82489
82382
82478
82444
82469
82578
82703
82630
82442
82499
82396
82608
82471
82538
82472
82499
82454
82565
82521
82396
82407
82732
82475
82554
82498
82478
82464
82467
82451
82617
82417
82499
82543
82399
82473
82552
82424
82498
82572
82493
82360
82510
82583
82462
82574
82444
82662
82512
82509
82491
82592
82366
82509
82448
82552
82410
82393
82476
82499
82455
82561
82500
82543
82384
82536
82503
82559
82482
82429
82547
82694
82465
82619
82482
82508
82506
82505
82485
82583
82490
82293
82538
82490
82687
82635
82562
82519
82583
82644
82512
82541
82550
82473
82490
82620
82431
82499
82590
82446
82471
82750
82563
82490
82556
82459
82644
82579
82435
82481
82492
82507
82381
82597
82453
82482
82459
82473
82463
82543
82689
82519
82430
82406
82759
82440
82409
82402
82501
82397
82534
82480
82445
82384
82481
82759
82381
82380
82316
82423
82550
82472
82394
82433
82355
82579
82358
82462
82388
82462
82714
82283
82402
82440
82445
82465
82723
82391
82393
82519
82417
82380
82762
82280
82355
82480
82388
82394
82606
82309
82409
82483
82411
82746
82469
82444
82355
82422
82390
82532
82510
82342
82375
82526
82606
82460
82382
82353
82635
82289
82456
82472
82412
82450
82588
82372
82444
82474
82430
82509
82571
82402
82460
82390
82321
82597
82434
82393
82451
82413
82235
82723
82475
82432
82469
82429
82363
82762
82393
82385
82449
82400
82624
82418
82438
82586
82433
82436
82561
82471
82469
82331
82469
82618
82424
82310
82451
82548
82354
82433
82406
82349
82508
82624
82460
82474
82415
82240
82645
82425
82413
82450
82510
82471
82570
82306
82307
82480
82379
82447
82501
82306
82350
82474
82429
82291
82585
82550
82351
82481
82406
82489
82340
82424
82384
82489
82309
82622
82440
82343
82436
82525
82424
82406
82499
82370
82575
82381
82388
82405
82483
82589
82654
82420
82436
82490
82501
82403
82454
82375
82373
82449
82313
82762
82306
82400
82445
82440
82741
82440
82490
82411
82427
82456
82577
82456
82555
82385
82409
82528
82573
82382
82428
82393
82403
82492
82456
82447
82297
82523
82474
82390
82457
82474
82553
82365
82474
82418
82447
82403
82510
82582
82412
82409
82462
82389
82483
82457
82386
82367
82465
82571
82582
82361
82389
82415
82638
82463
82264
82361
82427
82418
82605
82650
82582
82525
82372
82516
82576
82525
82586
82216
82521
82507
82647
82534
82626
82564
82494
82573
82491
82627
82511
82408
82533
82483
82504
82618
82579
82465
82594
82468
82498
82608
82608
82393
82463
82512
82555
82586
82611
82483
82510
82503
82509
82665
82487
82529
82381
82465
82498
82626
82656
82486
82514
82519
82521
82629
82463
82615
82554
82465
82500
82586
82474
82620
82547
82485
82534
82579
82672
82510
82463
82399
82573
82582
82602
82522
82560
82501
82482
82584
82590
82576
82771
82510
82512
82482
82588
82431
82483
82526
82503
82553
82597
82490
82363
82675
82542
82539
82615
82501
82473
82503
82495
82510
82595
82510
82528
82548
82732
82546
82579
82447
82617
82588
82441
82534
82389
82615
82420
82570
82464
82683
82516
82579
82459
82618
82579
82587
82525
82620
82350
82566
82524
82536
82710
82596
82617
82467
82511
82417
82489
82626
82593
82513
82511
82460
82539
82620
82519
82401
82750
82443
82516
82609
82316
82450
82516
82494
82410
82635
82573
82586
82453
82546
82516
82570
82564
82627
82480
82491
82480
82479
82551
82629
82530
82735
82527
82582
82546
82647
82494
82573
82410
82613
82465
82423
82428
82510
82511
82586
82555
82586
82392
82521
82609
82602
82537
82602
82536
82755
82495
82674
82519
82419
82474
82520
82503
82638
82513
82536
82593
82502
82723
82603
82429
82500
82620
82717
82475
82604
82593
82528
82513
82656
82522
82504
82608
82501
82538
82549
82513
82496
82611
82477
82717
82502
82480
82499
82503
82525
82374
82437
82471
82537
82482
82528
82492
82498
82707
82482
82453
82645
82399
82488
82421
82629
82530
82654
82437
82503
82501
82611
82492
82416
82602
82428
82519
82650
82585
82483
82633
82456
82564
82597
82381
82485
82627
82485
82529
82629
82428
82488
82672
82513
82465
82513
82657
82567
82458
82428
82502
82498
82582
82521
82627
82387
82455
82476
82636
82494
82693
82446
82517
82492
82564
82488
82629
82412
82557
82365
82602
82537
82383
82483
82447
82599
82510
82455
82485
82699
82423
82491
82618
82439
82492
82540
82453
82582
82647
82401
82465
82611
82603
82445
82315
82620
82474
82652
82258
82619
82516
82461
82492
82675
82447
82538
82488
82396
82497
82627
82501
82428
82522
82591
82456
82663
82494
82360
82546
82570
82492
82663
82381
82501
82528
82593
82448
82456
82663
82408
82519
82537
82270
82485
82654
82317
82436
82436
82502
82473
82558
82500
82329
82518
82546
82521
82618
82494
82383
82329
82614
82521
82656
82357
82481
82573
82554
82492
82663
82364
82561
82490
82648
82512
82546
82382
82488
82438
82519
82447
82364
82645
82510
82417
82620
82490
82428
82627
82512
82582
82647
82409
82501
82663
82512
82519
82584
82490
82515
82582
82372
82329
82439
82627
82488
82672
82488
82567
82528
82638
82504
82654
82485
82445
82603
82612
82539
82420
82387
82454
82469
82620
82503
82414
82481
82458
82320
82564
82498
82418
82629
82485
82564
82604
82495
82502
82645
82414
82533
82423
82371
82485
82618
82455
82498
82650
82418
82476
82426
82564
82582
82413
82616
82432
82312
82654
82582
82564
82654
82436
82403
82663
82335
82548
82611
82445
82392
82581
82409
82401
82540
82441
82457
82572
82454
82412
82522
82421
82481
82347
82556
82473
82561
82412
82409
82410
82610
82511
82583
82436
82448
82581
82439
82415
82540
82418
82392
82417
82583
82367
82543
82362
82471
82347
82394
82459
82409
82565
82475
82366
82563
82436
82427
82547
82423
82421
82561
82355
82446
82565
82392
82504
82565
82315
82334
82513
82466
82358
82573
82437
82503
82536
82396
82495
82402
82610
82427
82522
82450
82446
82445
82426
82511
82540
82339
82419
82543
82547
82395
82531
82421
82428
82259
82588
82502
82445
82422
82446
82333
82579
82406
82242
82375
82401
82394
82538
82481
82390
82545
82410
82448
82574
82472
82482
82556
82446
82520
82599
82405
82464
82529
82410
82478
82344
82581
82448
82473
82414
82361
82285
82590
82347
82372
82379
82427
82461
82462
82330
82551
82343
82457
82387
82554
82330
82500
82487
82414
82567
82281
82527
82388
82558
82421
82581
82619
82487
82388
82534
82466
82554
82392
82386
82374
82412
82401
82581
82421
82546
82414
82556
82432
82545
82423
82442
82511
82558
82412
82451
82574
82441
82412
82513
82490
82419
82296
82493
82330
82538
82388
82392
82392
82583
82457
82549
82474
82408
82565
82396
82507
82350
82541
82468
82349
82391
82417
82388
82531
82432
82393
82405
82404
82321
82500
82484
82565
82414
82591
82493
82540
82399
82393
82556
82332
82487
82402
82439
82379
82356
82529
82502
82536
82451
82405
82493
82362
82527
82572
82490
82429
82590
82266
82565
82536
82406
82408
82556
82400
82547
82502
82397
82391
82553
82414
82400
82537
82402
82438
82562
82429
82371
82519
82409
82418
82510
82336
82406
82558
82463
82409
82553
82400
82427
82517
82508
82411
82352
82535
82411
82537
82491
82288
82414
82580
82439
82547
82382
82570
82475
82384
82336
82490
82436
82474
82447
82553
82325
82384
82544
82404
82420
82443
82583
82366
82490
82430
82396
82465
82537
82357
82510
82291
82445
82373
82409
82454
82436
82543
82411
82343
82589
82221
82544
82437
82412
82391
82430
82490
82537
82490
82409
82469
82493
82537
82528
82421
82359
82409
82560
82178
82381
82436
82485
82418
82337
82601
82316
82360
82386
82423
82373
82535
82535
82404
82430
82364
82571
82420
82386
82490
82454
82427
82553
82418
82494
82501
82436
82298
82553
82364
82377
82445
82445
82562
82411
82237
82494
82362
82326
82466
82399
82447
82420
82454
82249
82373
82526
82429
82384
82522
82249
82412
82429
82564
82277
82510
82481
82421
82418
82553
82499
82556
82460
82466
82438
82466
82414
82413
82391
82346
82391
82553
82418
82456
82528
82373
82366
82535
82420
82429
82537
82526
82427
82438
82571
82413
82510
82409
82423
82262
82508
82464
82535
82249
82414
82363
82414
82580
82546
82454
82303
82412
82411
82562
82520
82511
82404
82447
82325
82346
82528
82415
82421
82429
82384
82334
82454
82460
82240
82418
82393
82537
82431
82512
82472
82421
82352
82535
82386
82361
82459
82429
82345
82580
82388
82558
82454
82402
82508
82316
82305
82524
82526
82232
82562
82431
82420
82544
82490
82415
82391
82553
82387
82519
82456
82395
82368
82532
82358
82528
82375
82708
82408
82523
82447
82379
82510
82400
82308
82507
82409
82292
82424
82549
82520
82400
82361
82404
82481
82484
82514
82390
82390
82282
82409
82528
82571
82393
82368
82375
82346
82519
82345
82308
82424
82447
82397
82499
82282
82514
82322
82426
82381
82535
82460
82537
82397
82411
82372
82481
82476
82534
82474
82368
82501
82270
82359
82388
82382
82454
82611
82415
82479
82598
82340
82402
82494
82378
82498
82402
82358
82372
82512
82499
82528
82498
82447
82370
82530
82380
82519
82557
82163
82379
82620
82360
82403
82719
82555
82309
82397
82357
82313
82620
82382
82544
82377
82496
82366
82501
82399
82361
82562
82457
82433
82517
82418
82397
82550
82415
82498
82538
82295
82361
82532
82547
82424
82436
82204
82541
82402
82586
82323
82335
82417
82438
82378
82539
82451
82234
82375
82505
82408
82582
82476
82234
82237
82555
82402
82483
82477
82478
82539
82466
82532
82409
82510
82352
82500
82368
82426
82417
82400
82325
82489
82409
82352
82532
82507
82334
82411
82411
82496
82351
82530
82546
82517
82562
82400
82429
82547
82501
82400
82395
82481
82259
82586
82526
82234
82368
82368
82571
82539
82537
82445
82553
82384
82384
82746
82511
82483
82514
82337
82456
82292
82519
82374
82413
82331
82420
82375
82225
82451
82539
82516
82385
82402
82491
82481
82541
82562
82375
82331
82340
82438
82485
82390
82517
82317
82384
82512
82403
82393
82313
82481
82541
82487
82515
82408
82541
82192
82427
82487
82553
82412
82544
82415
82530
82453
82498
82407
82359
82390
82368
82324
82318
82483
82368
82453
82433
82352
82300
82550
82397
82352
82335
82305
82321
82336
82329
82388
82386
82280
82311
82586
82359
82415
82415
82229
82318
82602
82368
82361
82393
82485
82307
82321
82424
82465
82326
82517
82241
82298
82341
82433
82283
82400
82250
82325
82399
82357
82418
82397
82408
82262
82343
82350
82382
82426
82274
82291
82526
82449
82442
82307
82281
82251
82409
82388
82390
82319
82445
82300
82526
82384
82372
82407
82469
82336
82457
82395
82325
82249
82585
82386
82318
82422
82366
82203
82481
82428
82357
82357
82422
82309
82490
82328
82292
82298
82377
82316
82517
82438
82503
82404
82352
82436
82442
82422
82284
82538
82422
82377
82217
82422
82307
82389
82386
82404
82320
82460
82431
82436
82390
82350
82229
82305
82420
82431
82403
82492
82423
82247
82284
82600
82332
82451
82381
82247
82371
82287
82363
82408
82246
82427
82485
82286
82377
82397
82275
82490
82406
82312
82228
82442
82368
82517
82269
82334
82359
82377
82445
82397
82322
82334
82436
82341
82358
82399
82469
82336
82436
82352
82460
82417
82388
82309
82398
82289
82377
82272
82247
82445
82316
82361
82386
82368
82454
82379
82327
82384
82343
82390
82391
82465
82301
82444
82433
82326
82324
82426
82309
82310
82408
82363
82609
82238
82458
82343
82428
82426
82531
82451
82345
82334
82375
82468
82310
82445
82319
82375
82433
82307
82335
82374
82314
82421
82381
82338
82460
82296
82463
82305
82534
82368
82210
82260
82314
82343
82538
82352
82487
82517
82478
82343
82497
82503
82494
82508
82148
82462
82525
82494
82559
82423
82640
82462
82523
82460
82398
82407
82395
82483
82514
82491
82512
82308
82433
82473
82326
82541
82485
82541
82355
82462
82290
82494
82505
82519
82577
82447
82416
82478
82555
82398
82331
82317
82415
82577
82485
82391
82416
82367
82469
82525
82465
82523
82327
82480
82415
82476
82487
82516
82484
82400
82435
82550
82521
82424
82384
82443
82386
82498
82514
82418
82393
82481
82462
82492
82480
82497
82382
82595
82444
82335
82469
82521
82375
82458
82453
82378
82510
82530
82275
82518
82438
82279
82501
82548
82381
82335
82436
82391
82503
82460
82424
82296
82629
82456
82496
82550
82494
82465
82428
82530
82503
82370
82548
82261
82451
82512
82485
82392
82494
82326
82521
82532
82512
82301
82393
82516
82456
82485
82546
82382
82495
82529
82401
82346
82353
82476
82471
82541
82422
82346
82344
82471
82309
82498
82430
82310
82611
82485
82419
82523
82263
82456
82460
82372
82494
82568
82353
82460
82386
82503
82505
82503
82337
82478
82394
82467
82525
82484
82299
82462
82595
82496
82543
82240
82496
82453
82478
82415
82499
82344
82503
82460
82346
82436
82505
82494
82494
82471
82739
82326
82487
82498
82492
82445
82240
82573
82433
82407
82552
82453
82297
82489
82409
82489
82534
82346
82566
82337
82487
82498
82536
82168
82462
82559
82460
82409
82501
82382
82436
82571
82451
82407
82559
82398
82458
82482
82410
82281
82577
82507
82449
82458
82512
82782
82282
82447
82469
82440
82593
82478
82418
82426
82469
82586
82611
82571
82432
82409
82555
82557
82310
82562
82456
82447
82791
82537
82427
82546
82436
82390
82548
82576
82463
82571
82400
82427
82791
82535
82526
82553
82429
82429
82564
82555
82473
82598
82580
82432
82457
82583
82382
82384
82709
82511
82372
82526
82436
82718
82589
82465
82361
82562
82492
82757
82601
82438
82461
82526
82448
82620
82573
82432
82501
82528
82753
82309
82427
82481
82391
82564
82472
82543
82625
82411
82415
82620
82562
82455
82466
82448
82409
82581
82555
82526
82537
82409
82511
82534
82564
82439
82578
82492
82427
82223
82417
82454
82619
82611
82436
82373
82388
82396
82718
82553
82441
82409
82535
82757
82430
82589
82400
82438
82508
82638
82472
82589
82436
82463
82575
82519
82454
82589
82400
82334
82595
82463
82463
82580
82429
82237
82494
82362
82362
82502
82417
82638
82438
82490
82321
82544
82447
82622
82402
82558
82321
82582
82602
82447
82331
82510
82465
82517
82571
82436
82517
82574
82568
82502
82466
82456
82432
82427
82472
82571
82382
82391
82436
82611
82546
82535
82373
82384
82438
82471
82573
82589
82526
82427
82564
82456
82528
82427
82508
82459
82631
82298
82553
82321
82598
82432
82435
82432
82564
82490
82580
82757
82448
82411
82538
82364
82547
82773
82483
82361
82546
82566
82406
82433
82447
82402
82701
82490
82573
82312
82436
82429
82548
82530
82571
82508
82439
82424
82566
82415
82598
82477
82429
82476
82381
82576
82352
82454
82420
82710
82526
82542
82580
82526
82330
82485
82286
82580
82571
82526
82710
82334
82283
82537
82479
82492
82587
82343
82290
82438
82357
82488
82517
82357
82355
82677
82420
82472
82310
82319
82245
82686
82441
82371
82490
82310
82308
82713
82481
82479
82427
82337
82602
82337
82438
82481
82331
82290
82697
82315
82441
82292
82265
82501
82369
82227
82391
82461
82375
82602
82373
82301
82463
82477
82591
82325
82321
82319
82391
82463
82508
82326
82290
82384
82429
82429
82317
82196
82364
82274
82593
82362
82517
82401
82312
82337
82686
82420
82306
82307
82344
82713
82343
82474
82445
82391
82593
82317
82387
82447
82486
82266
82512
82326
82139
82375
82477
82614
82400
82344
82213
82310
82418
82468
82286
82299
82292
82425
82472
82593
82288
82308
82346
82632
82454
82497
82380
82344
82346
82539
82427
82515
82362
82308
82457
82224
82371
82488
82328
82312
82505
82201
82288
82360
82227
82409
82325
82377
82377
82470
82228
82609
82373
82303
82416
82483
82445
82228
82330
82252
82456
82497
82562
82407
82319
82445
82432
82641
82416
82286
82364
82290
82372
82292
82479
82272
82299
82319
82713
82454
82461
82294
82330
82692
82321
82456
82472
82391
82564
82310
82339
82411
82391
82292
82572
82317
82176
82436
82481
82455
82228
82290
82290
82447
82463
82473
82337
82306
82312
82439
82446
82247
82387
82366
82326
82581
82429
82328
82297
82330
82285
82482
82380
82463
82237
82400
82581
82312
82438
82454
82373
82498
82297
82328
82337
82427
82367
82658
82337
82236
82434
82242
82499
82382
82303
82409
82425
82506
82508
82434
82615
82164
82463
82472
82547
82434
82619
82550
82445
82530
82500
82382
82596
82575
82489
82543
82521
82300
82642
82640
82462
82471
82505
82541
82604
82497
82500
82510
82518
82440
82595
82479
82593
82482
82512
82442
82648
82622
82622
82489
82532
82426
82382
82575
82600
82492
82523
82491
82478
82672
82497
82460
82512
82508
82376
82640
82463
82496
82510
82547
82502
82606
82604
82442
82500
82514
82543
82557
82597
82462
82509
82584
82535
82649
82469
82475
82413
82559
82452
82579
82499
82428
82489
82573
82562
82579
82500
82596
82489
82496
82766
82502
82602
82420
82480
82537
82446
82503
82629
82374
82519
82528
82363
82689
82629
82480
82472
82487
82664
82535
82584
82505
82746
82523
82568
82537
82611
82631
82455
82491
82548
82611
82629
82397
82478
82423
82530
82593
82611
82491
82444
82602
82539
82595
82597
82382
82529
82519
82735
82494
82610
82315
82612
82446
82503
82499
82640
82547
82570
82449
82516
82563
82499
82597
82390
82457
82530
82446
82782
82586
82464
82417
82483
82568
82505
82649
82575
82530
82451
82523
82449
82584
82604
82469
82494
82505
82493
82565
82606
82451
82523
82507
82712
82559
82624
82577
82442
82480
82559
82584
82424
82443
82532
82487
82499
82593
82577
82575
82514
82498
82586
82591
82512
82579
82514
82472
82447
82744
82651
82506
82490
82480
82532
82543
82615
82570
82514
82737
82541
82490
82617
82615
82505
82507
82580
82694
82582
82490
82478
82478
82499
82670
82622
82506
82509
82564
82485
82581
82588
82694
82512
82539
82476
82485
82478
82625
82381
82505
82514
82485
82566
82592
82542
82503
82514
82739
82465
82575
82573
82494
82499
82409
82404
82616
82613
82460
82481
82469
82497
82614
82441
82485
82502
82541
82395
82605
82566
82485
82580
82467
82452
82595
82595
82542
82496
82499
82362
82573
82598
82460
82451
82472
82470
82634
82441
82490
82485
82434
82380
82443
82613
82449
82490
82506
82442
82496
82616
82602
82487
82434
82535
82517
82537
82539
82571
82472
82442
82493
82551
82641
82461
82368
82450
82450
82589
82535
82485
82469
82462
82549
82469
82571
82575
82481
82384
82722
82510
82575
82382
82494
82490
82527
82526
82593
82308
82420
82505
82638
82479
82465
82602
82424
82458
82454
82526
82533
82582
82479
82701
82499
82329
82503
82548
82604
82440
82530
82580
82485
82602
82389
82451
82559
82512
82494
82548
82410
82521
82449
82587
82679
82607
82313
82456
82476
82468
82476
82583
82598
82395
82386
82451
82595
82562
82508
82413
82447
82451
82589
82382
82485
82341
82442
82701
82485
82596
82413
82391
82481
82517
82404
82622
82503
82573
82497
82386
82485
82557
82449
82596
82478
82384
82479
82550
82616
82533
82499
82544
82704
82533
82634
82452
82472
82403
82515
82564
82374
82542
82412
82497
82451
82573
82573
82524
82451
82508
82560
82571
82589
82506
82422
82482
82706
82447
82643
82437
82476
82490
82509
82348
82580
82625
82487
82674
82442
82422
82589
82584
82497
82462
82668
82383
82476
82580
82488
82503
82534
82625
82450
82595
82428
82483
82348
82512
82686
82598
82512
82413
82486
82440
82337
82495
82497
82412
82506
82440
82508
82466
82644
82451
82469
82658
82458
82455
82635
82440
82603
82379
82431
82504
82520
82601
82585
82457
82397
82484
82632
82377
82624
82545
82368
82475
82626
82473
82596
82440
82574
82646
82502
82502
82603
82424
82478
82439
82455
82480
82588
82386
82430
82626
82516
82377
82267
82574
82481
82538
82606
82379
82568
82610
82472
82486
82646
82484
82490
82556
82459
82437
82500
82395
82531
82576
82379
82345
82511
82655
82421
82527
82584
82366
82477
82471
82406
82585
82460
82433
82441
82610
82458
82585
82237
82556
82482
82669
82516
82594
82451
82437
82491
82642
82254
82467
82417
82497
82619
82509
82378
82368
82379
82451
82637
82464
82439
82554
82608
82435
82644
82455
82511
82455
82569
82545
82626
82509
82473
82493
82610
82527
82419
82653
82389
82455
82536
82511
82563
82507
82280
82477
82417
82410
82446
82617
82474
82490
82560
82563
82334
82612
82432
82502
82456
82563
82334
82626
82288
82459
82613
82589
82572
82495
82578
82484
82531
82597
82421
82644
82455
82529
82540
82457
82419
82590
82466
82529
82464
82619
82409
82482
82637
82486
82463
82603
82592
82525
82556
82504
82457
82576
82475
82426
82646
82341
82464
82601
82482
82334
82628
82455
82455
82612
82461
82520
82430
82459
82453
82594
82586
82552
82397
82386
82513
82390
82594
82468
82628
82450
82495
82473
82545
82325
82619
82459
82540
82479
82603
82538
82592
82529
82397
82462
82424
82550
82500
82407
82386
82520
82599
82497
82473
82653
82556
82468
82590
82599
82457
82601
82261
82510
82410
82610
82581
82424
82553
82477
82500
82619
82556
82415
82458
82448
82484
82420
82451
82399
82498
82519
82446
82402
82454
82412
82398
82360
82499
82441
82316
82424
82451
82628
82490
82373
82376
82463
82547
82480
82480
82420
82301
82455
82489
82483
82458
82418
82411
82387
82406
82398
82537
82289
82373
82426
82429
82412
82498
82327
82427
82493
82408
82487
82501
82297
82516
82373
82550
82546
82440
82529
82360
82393
82490
82400
82545
82544
82371
82307
82510
82448
82410
82474
82702
82390
82390
82448
82709
82462
82589
82420
82574
82339
82431
82460
82506
82411
82592
82253
82447
82469
82493
82450
82520
82418
82399
82487
82429
82718
82421
82472
82454
82467
82690
82529
82586
82442
82489
82718
82451
82505
82349
82424
82328
82563
82487
82487
82372
82433
82385
82543
82451
82580
82496
82528
82258
82673
82492
82443
82485
82397
82489
82682
82468
82342
82325
82721
82447
82483
82498
82342
82368
82619
82424
82327
82510
82568
82351
82705
82318
82358
82499
82496
82545
82402
82424
82458
82619
82507
82343
82472
82388
82517
82599
82442
82388
82399
82454
82519
82552
82423
82589
82438
82373
82519
82473
82562
82490
82393
82463
82349
82610
82467
82342
82418
82682
82445
82458
82458
82499
82429
82721
82481
82474
82474
82573
82619
82403
82439
82400
82546
82518
82556
82411
82408
82465
82510
82631
82333
82541
82436
82492
82475
82512
82571
82383
82409
82439
82619
82465
82528
82448
82403
82425
82658
82480
82457
82404
82571
82433
82565
82483
82379
82407
82483
82282
82436
82417
82379
82445
82549
82352
82548
82403
82543
82390
82471
82377
82539
82416
82234
82635
82507
82424
82523
82408
82379
82489
82507
82518
82281
82588
82406
82458
82510
82530
82395
82667
82397
82460
82518
82550
82406
82410
82406
82400
82507
82397
82402
82721
82395
82316
82510
82700
82548
82299
82438
82376
82442
82590
82528
82283
82442
82376
82467
82514
82532
82388
82408
82345
82386
82442
82386
82435
82359
82265
82404
82480
82577
82361
82332
82433
82470
82413
82375
82301
82476
82363
82364
82489
82532
82416
82359
82363
82460
82507
82555
82476
82420
82422
82359
82498
82393
82546
82176
82413
82401
82321
82535
82487
82300
82431
82373
82274
82394
82541
82361
82404
82357
82403
82512
82566
82415
82395
82449
82442
82473
82548
82379
82413
82431
82431
82496
82539
82311
82438
82395
82397
82440
82429
82339
82381
82296
82184
82375
82413
82521
82229
82378
82394
82428
82356
82534
82229
82354
82424
82543
82485
82548
82476
82210
82381
82321
82547
82435
82379
82482
82406
82404
82501
82548
82377
82395
82433
82403
82397
82530
82331
82406
82386
82442
82523
82541
82478
82431
82390
82349
82525
82496
82386
82379
82408
82415
82480
82568
82388
82229
82263
82386
82505
82323
82532
82424
82377
82377
82516
82431
82316
82456
82363
82393
82415
82490
82292
82390
82308
82435
82377
82498
82550
82220
82399
82390
82258
82449
82523
82442
82381
82401
82559
82507
82550
82292
82436
82384
82463
82301
82329
82386
82419
82308
82406
82503
82557
82318
82503
82460
82390
82494
82541
82357
82503
82165
82459
82532
82442
82590
82451
82430
82463
82514
82228
82581
82301
82419
82490
82442
82549
82565
82457
82484
82468
82458
82531
82619
82482
82374
82466
82341
82570
82572
82502
82455
82457
82466
82592
82592
82424
82466
82466
82367
82549
82439
82385
82394
82462
82437
82552
82572
82367
82468
82392
82498
82556
82570
82475
82393
82436
82502
82556
82376
82574
82468
82473
82448
82475
82556
82464
82419
82343
82495
82356
82522
82619
82493
82512
82367
82354
82527
82453
82423
82454
82429
82430
82531
82556
82473
82538
82490
82439
82549
82597
82464
82478
82413
82534
82540
82588
82394
82473
82547
82304
82449
82547
82462
82491
82415
82378
82402
82583
82394
82446
82435
82403
82572
82394
82608
82455
82491
82475
82392
82565
82590
82491
82473
82511
82363
82538
82599
82455
82475
82389
82302
82482
82489
82441
82374
82312
82385
82417
82563
82454
82357
82488
82439
82542
82576
82484
82478
82414
82357
82527
82590
82412
82441
82308
82554
82567
82671
82385
82466
82736
82433
82543
82590
82406
82493
82437
82383
82341
82421
82554
82446
82448
82441
82412
82565
82583
82459
82450
82538
82433
82567
82520
82457
82468
82439
82376
82522
82610
82446
82341
82357
82339
82547
82574
82419
82419
82360
82484
82558
82376
82282
82453
82423
82534
82532
82420
82392
82495
82418
82444
82540
82574
82318
82459
82432
82348
82545
82399
82565
82511
82520
82441
82442
82549
82556
82444
82514
82420
82424
82429
82407
82466
82529
82401
82496
82545
82599
82432
82581
82520
82475
82536
82565
82669
82545
82293
82347
82574
82529
82618
82550
82529
82586
82556
82520
82469
82589
82599
82429
82525
82486
82487
82642
82639
82541
82507
82517
82415
82640
82485
82439
82546
82559
82511
82631
82592
82478
82442
82481
82568
82621
82621
82406
82559
82525
82522
82599
82624
82505
82476
82498
82511
82660
82394
82485
82618
82478
82516
82639
82514
82450
82499
82532
82513
82523
82642
82567
82628
82478
82583
82562
82563
82513
82615
82498
82577
82496
82667
82476
82505
82412
82579
82546
82615
82555
82517
82495
82422
82513
82585
82730
82589
82496
82507
82536
82619
82539
82426
82494
82516
82552
82610
82634
82352
82663
82537
82523
82628
82498
82480
82404
82490
82559
82608
82487
82543
82523
82763
82529
82523
82574
82574
82630
82454
82511
82562
82628
82556
82433
82477
82538
82514
82574
82631
82466
82565
82469
82669
82633
82512
82357
82508
82518
82502
82609
82447
82612
82461
82430
82534
82621
82588
82447
82514
82473
82511
82615
82709
82447
82535
82474
82405
82622
82529
82445
82460
82507
82529
82378
82648
82599
82448
82541
82493
82642
82583
82640
82493
82504
82559
82546
82564
82642
82766
82525
82496
82494
82595
82660
82559
82498
82474
82568
82590
82430
82447
82465
82523
82550
82599
82599
82604
82562
82534
82532
82597
82615
82714
82311
82508
82508
82669
82487
82533
82562
82516
82513
82606
82651
82438
82541
82682
82523
82449
82598
82615
82712
82488
82532
82629
82606
82508
82669
82535
82484
82512
82494
82621
82562
82509
82548
82748
82624
82484
82548
82512
82523
82381
82390
82466
82638
82532
82539
82343
82394
82666
82737
82495
82530
82353
82350
82375
82638
82498
82514
82415
82417
82352
82519
82480
82509
82290
82397
82535
82431
82501
82521
82556
82388
82386
82451
82491
82541
82565
82397
82397
82373
82498
82334
82604
82393
82350
82307
82501
82575
82539
82272
82429
82367
82600
82451
82519
82433
82274
82367
82501
82505
82541
82381
82379
82336
82575
82433
82377
82256
82426
82350
82518
82471
82568
82507
82461
82316
82424
82404
82366
82429
82355
82310
82372
82480
82505
82566
82451
82353
82354
82498
82565
82564
82411
82395
82332
82604
82489
82537
82149
82404
82392
82575
82312
82496
82273
82422
82346
82764
82283
82532
82334
82359
82330
82550
82485
82557
82386
82406
82440
82431
82464
82539
82575
82388
82422
82422
82505
82530
82559
82284
82386
82388
82431
82503
82420
82175
82372
82287
82402
82312
82512
82387
82238
82385
82559
82437
82525
82238
82363
82415
82445
82458
82539
82201
82372
82467
82548
82484
82408
82397
82455
82316
82408
82492
82539
82501
82424
82332
82350
82352
82503
82568
82377
82379
82304
82514
82532
82354
82358
82381
82469
82516
82604
82451
82352
82399
82370
82620
82471
82541
82236
82377
82238
82521
82496
82523
82350
82350
82397
82629
82507
82307
82384
82354
82447
82512
82481
82301
82426
82281
82363
82530
82489
82523
82345
82390
82548
82229
82440
82532
82638
82372
82392
82433
82498
82505
82521
82301
82445
82375
82310
82638
82302
82281
82392
82397
82519
82494
82548
82433
82476
82363
82508
82514
82485
82174
82494
82408
82556
82322
82523
82379
82460
82375
82565
82331
82505
82356
82310
82382
82604
82322
82318
82396
82370
82539
82453
82310
82318
82422
82600
82268
82415
82304
82339
82519
82367
82289
82406
82361
82328
82539
82378
82235
82378
82333
82318
82399
82334
82356
82489
82304
82309
82404
82259
82453
82465
82363
82343
82310
82243
82396
82530
82306
82325
82385
82360
82399
82565
82376
82307
82444
82399
82338
82604
82388
82309
82352
82557
82269
82442
82390
82241
82346
82548
82366
82390
82288
82288
82514
82382
82487
82360
82329
82467
82336
82273
82332
82376
82557
82345
82327
82328
82409
82403
82541
82316
82384
82474
82345
82403
82503
82370
82337
82352
82372
82365
82438
82358
82484
82387
82403
82385
82523
82376
82247
82244
82403
82403
82445
82331
82270
82460
82530
82385
82424
82462
82412
82444
82351
82408
82323
82295
82519
82329
82423
82366
82240
82381
82550
82295
82381
82414
82240
82372
82358
82284
82264
82408
82466
82604
82216
82249
82256
82415
82340
82620
82322
82300
82356
82405
82297
82485
82322
82388
82415
82358
82559
82322
82352
82297
82399
82442
82321
82487
82271
82336
82417
82460
82406
82406
82361
82291
82424
82424
82365
82240
82343
82568
82316
82356
82374
82397
82379
82433
82327
82390
82390
82489
82568
82337
82301
82334
82444
82335
82521
82306
82309
82363
82408
82231
82447
82370
82439
82444
82391
82523
82469
82307
82308
82337
82532
82381
82471
82478
82364
82413
82571
82378
82355
82331
82302
82487
82487
82381
82277
82388
82555
82305
82366
82510
82295
82503
82622
82343
82463
82477
82441
82487
82613
82306
82458
82466
82132
82575
82597
82618
82498
82537
82490
82456
82592
82600
82380
82517
82377
82514
82604
82621
82469
82478
82508
82571
82661
82574
82532
82480
82480
82481
82435
82571
82618
82501
82476
82418
82487
82604
82609
82398
82537
82487
82460
82627
82571
82394
82516
82453
82499
82624
82625
82487
82519
82444
82416
82460
82553
82546
82487
82458
82342
82688
82591
82418
82526
82569
82544
82474
82487
82433
82412
82450
82492
82588
82459
82588
82466
82571
82462
82453
82647
82618
82519
82478
82452
82357
82645
82609
82253
82487
82493
82503
82616
82450
82399
82505
82429
82393
82652
82385
82454
82456
82485
82474
82640
82568
82489
82535
82505
82469
82622
82547
82302
82490
82487
82505
82613
82571
82588
82385
82508
82469
82550
82528
82496
82258
82492
82407
82458
82595
82413
82507
82468
82306
82514
82645
82523
82465
82498
82306
82397
82622
82584
82309
82550
82415
82492
82534
82567
82556
82397
82442
82517
82622
82600
82523
82476
82415
82507
82586
82406
82472
82499
82460
82460
82523
82652
82597
82519
82589
82441
82404
82589
82636
82519
82472
82490
82591
82679
82609
82349
82306
82485
82478
82643
82616
82458
82517
82458
82487
82445
82627
82474
82526
82492
82555
82403
82601
82424
82364
82546
82446
82606
82510
82627
82483
82510
82297
82404
82652
82523
82492
82475
82553
82424
82625
82581
82403
82483
82510
82440
82403
82412
82407
82480
82475
82609
82631
82602
82553
82483
82577
82386
82634
82605
82264
82415
82552
82577
82521
82643
82487
82505
82556
82525
82512
82526
82588
82530
82515
82414
82478
82442
82480
82577
82543
82676
82433
82509
82480
82416
82541
82413
82436
82503
82501
82530
82532
82433
82425
82523
82491
82559
82559
82373
82442
82496
82480
82537
82463
82530
82613
82503
82465
82416
82388
82573
82349
82483
82324
82433
82409
82595
82385
82505
82606
82487
82541
82543
82498
82546
82539
82433
82534
82494
82418
82440
82532
82453
82442
82568
82443
82402
82510
82404
82436
82516
82499
82411
82487
82480
82515
82498
82472
82613
82528
82462
82393
82257
82539
82476
82519
82471
82526
82293
82566
82536
82505
82456
82399
82566
82454
82395
82514
82409
82442
82539
82474
82754
82521
82647
82568
82512
82548
82565
82503
82446
82388
82584
82512
82583
82530
82469
82410
82512
82550
82511
82564
82521
82319
82763
82534
82503
82494
82474
82520
82513
82547
82364
82489
82763
82419
82489
82559
82364
82548
82503
82440
82327
82516
82629
82543
82390
82448
82437
82559
82478
82768
82521
82474
82530
82586
82404
82777
82485
82478
82523
82521
82412
82766
82514
82496
82543
82502
82592
82613
82433
82480
82561
82750
82514
82496
82523
82518
82471
82362
82521
82364
82592
82505
82478
82530
82530
82775
82590
82451
82489
82516
82510
82591
82561
82427
82463
82425
82570
82507
82464
82505
82471
82525
82552
82355
82583
82478
82584
82516
82536
82577
82777
82469
82480
82427
82766
82537
82589
82428
82610
82454
82425
82559
82500
82547
82530
82476
82595
82543
82476
82604
82496
82467
82300
82534
82458
82503
82485
82487
82505
82538
82604
82610
82494
82487
82494
82497
82310
82631
82460
82444
82559
82561
82514
82556
82473
82426
82434
82471
82523
82377
82485
82540
82465
82512
82514
82397
82477
82487
82437
82541
82559
82355
82608
82496
82444
82519
82494
82487
82480
82467
82447
82434
82331
82573
82561
82483
82418
82397
82403
82559
82640
82469
82523
82451
82498
82525
82389
82539
82552
82397
82436
82766
82476
82514
82745
82442
82417
82407
82568
82563
82546
82472
82368
82516
82535
82550
82451
82497
82426
82498
82613
82451
82492
82393
82462
82521
82458
82469
82483
82329
82435
82530
82572
82451
82442
82435
82492
82548
82490
82559
82478
82478
82427
82503
82406
82528
82503
82559
82550
82647
82512
82566
82452
82503
82352
82410
82548
82548
82492
82494
82464
82433
82512
82550
82527
82582
82337
82557
82516
82485
82536
82458
82531
82492
82529
82400
82525
82489
82525
82383
82577
82400
82478
82503
82363
82404
82552
82629
82521
82354
82419
82412
82458
82523
82478
82485
82478
82494
82438
82568
82404
82439
82467
82541
82496
82503
82412
82446
82478
82543
82460
82484
82613
82422
82397
82543
82462
82532
82514
82469
82487
82398
82417
82503
82400
82536
82469
82494
82442
82494
82541
82525
82451
82516
82453
82510
82609
82496
82463
82443
82427
82570
82433
82507
82469
82453
82489
82435
82534
82391
82424
82460
82516
82620
82554
82595
82496
82433
82463
82444
82501
82589
82480
82464
82479
82454
82541
82518
82460
82494
82595
82440
82507
82440
82356
82478
82318
82431
82519
82440
82480
82433
82544
82469
82486
82604
82417
82424
82467
82451
82457
82310
82451
82390
82429
82507
82401
82510
82445
82421
82440
82411
82389
82508
82325
82489
82415
82460
82450
82499
82382
82311
82472
82489
82385
82489
82292
82525
82498
82492
82429
82467
82409
82541
82415
82389
82402
82528
82298
82406
82420
82403
82400
82507
82318
82684
82435
82496
82436
82510
82525
82531
82541
82537
82400
82431
82369
82549
82481
82459
82409
82402
82535
82380
82693
82483
82334
82439
82483
82531
82468
82399
82399
82457
82453
82580
82693
82440
82411
82348
82469
82515
82579
82456
82420
82478
82244
82484
82500
82427
82496
82459
82402
82372
82648
82463
82412
82476
82519
82427
82657
82433
82595
82442
82478
82498
82684
82415
82358
82496
82460
82355
82585
82705
82442
82381
82442
82358
82589
82484
82519
82469
82501
82249
82416
82585
82406
82494
82477
82333
82480
82562
82438
82352
82489
82333
82456
82488
82415
82377
82483
82559
82318
82412
82327
82360
82508
82505
82367
82576
82433
82411
82516
82334
82467
82657
82379
82445
82397
82451
82490
82684
82463
82408
82576
82598
82432
82510
82495
82382
82429
82463
82571
82528
82585
82472
82402
82333
82458
82322
82439
82454
82427
82508
82467
82467
82576
82490
82438
82564
82465
82483
82603
82430
82412
82509
82537
82391
82522
82417
82324
82420
82519
82474
82428
82427
82532
82562
82466
82483
82488
82418
82392
82537
82474
82430
82392
82376
82617
82457
82448
82489
82398
82425
82442
82413
82492
82388
82580
82570
82427
82416
82370
82456
82273
82621
82568
82436
82423
82534
82427
82355
82399
82559
82394
82243
82404
82684
82543
82436
82465
82564
82444
82675
82556
82478
82445
82546
82344
82572
82586
82517
82436
82585
82397
82739
82607
82426
82463
82538
82426
82568
82604
82381
82404
82564
82429
82436
82514
82483
82586
82573
82344
82451
82748
82535
82591
82462
82489
82358
82505
82571
82570
82447
82433
82408
82748
82535
82424
82528
82306
82404
82539
82634
82382
82573
82515
82490
82537
82456
82376
82432
82469
82420
82666
82534
82394
82535
82408
82534
82675
82714
82501
82406
82398
82575
82564
82613
82199
82415
82439
82591
82555
82710
82381
82429
82433
82562
82396
82521
82436
82420
82413
82349
82616
82613
82435
82487
82397
82532
82604
82574
82454
82469
82433
82493
82586
82509
82367
82397
82516
82472
82577
82467
82222
82478
82438
82389
82474
82604
82435
82414
82359
82270
82675
82541
82714
82447
82487
82444
82270
82609
82631
82255
82492
82514
82512
82586
82532
82445
82388
82502
82513
82462
82588
82404
82361
82453
82568
82546
82469
82388
82481
82388
82550
82454
82631
82535
82465
82369
82598
82543
82597
82454
82535
82465
82436
82582
82559
82270
82607
82431
82331
82537
82422
82543
82481
82589
82404
82404
82562
82465
82519
82373
82420
82420
82573
82586
82410
82364
82367
82492
82547
82446
82411
82261
82456
82570
82555
82539
82517
82438
82487
82421
82598
82606
82367
82510
82527
82589
82411
82392
82457
82371
82394
82385
82426
82714
82523
82517
82548
82577
82429
82730
82541
82228
82541
82551
82598
82624
82457
82559
82489
82589
82502
82591
82322
82572
82342
82534
82612
82493
82340
82550
82498
82612
82633
82477
82322
82412
82491
82480
82531
82613
82466
82519
82451
82565
82484
82604
82385
82379
82504
82594
82541
82594
82466
82478
82498
82597
82513
82572
82359
82417
82491
82489
82484
82534
82651
82471
82540
82451
82507
82477
82612
82480
82486
82505
82619
82590
82615
82469
82451
82556
82606
82510
82554
82367
82471
82568
82478
82449
82658
82453
82385
82570
82558
82558
82588
82329
82486
82612
82486
82775
82644
82367
82509
82417
82542
82498
82592
82383
82525
82381
82489
82711
82583
82534
82459
82496
82311
82489
82578
82601
82358
82532
82531
82514
82534
82581
82480
82736
82603
82520
82565
82565
82469
82477
82406
82502
82547
82601
82367
82511
82445
82450
82604
82565
82412
82714
82386
82503
82556
82606
82379
82475
82653
82509
82524
82582
82350
82525
82579
82403
82524
82612
82367
82502
82425
82446
82754
82406
82606
82313
82446
82486
82497
82532
82595
82300
82502
82572
82480
82457
82621
82549
82484
82631
82516
82532
82556
82450
82532
82615
82739
82477
82605
82383
82469
82651
82516
82550
82586
82327
82541
82409
82507
82524
82581
82354
82523
82572
82595
82496
82572
82415
82505
82588
82741
82507
82588
82182
82469
82549
82528
82481
82536
82660
82448
82486
82579
82489
82515
82624
82338
82514
82606
82709
82703
82639
82566
82505
82549
82461
82579
82642
82449
82500
82558
82603
82594
82463
82467
82721
82457
82482
82597
82511
82467
82410
82485
82457
82455
82514
82575
82426
82523
82459
82711
82458
82442
82575
82415
82468
82486
82434
82433
82474
82401
82482
82480
82399
82417
82634
82388
82383
82352
82462
82471
82493
82451
82422
82354
82453
82442
82502
82462
82444
82294
82462
82444
82541
82458
82401
82372
82415
82399
82476
82404
82388
82338
82512
82424
82537
82372
82389
82324
82480
82456
82422
82408
82444
82476
82469
82446
82426
82354
82473
82509
82339
82397
82460
82374
82624
82381
82364
82489
82471
82438
82325
82425
82468
82419
82467
82467
82383
82486
82534
82469
82408
82502
82401
82332
82391
82460
82449
82541
82410
82300
82525
82487
82440
82494
82445
82374
82447
82487
82399
82485
82398
82435
82431
82424
82435
82451
82568
82471
82541
82469
82460
82440
82417
82291
82523
82487
82442
82494
82390
82385
82489
82469
82478
82451
82532
82308
82388
82437
82503
82395
82366
82502
82353
82450
82415
82358
82658
82428
82480
82353
82428
82361
82706
82304
82473
82550
82442
82446
82467
82462
82426
82411
82379
82395
82417
82415
82361
82489
82453
82442
82420
82462
82437
82417
82442
82406
82487
82419
82464
82534
82455
82435
82309
82374
82464
82471
82354
82435
82541
82399
82557
82353
82444
82337
82424
82410
82422
82426
82444
82415
82433
82384
82517
82530
82390
82449
82419
82392
82400
82416
82432
82491
82449
82523
82418
82426
82344
82455
82410
82419
82400
82507
82473
82435
82516
82425
82526
82390
82440
82528
82397
82416
82409
82526
82462
82403
82525
82415
82388
82457
82428
82451
82397
82426
82516
82603
82417
82596
82307
82426
82397
82481
82486
82513
82575
82470
82525
82490
82581
82558
82281
82452
82477
82517
82596
82596
82473
82443
82468
82436
82585
82449
82450
82468
82378
82538
82549
82576
82470
82468
82423
82407
82436
82578
82578
82480
82513
82370
82431
82581
82443
82414
82606
82441
82600
82642
82468
82477
82449
82351
82371
82498
82405
82596
82447
82425
82427
82443
82479
82587
82610
82543
82490
82522
82351
82545
82542
82476
82517
82477
82522
82432
82458
82445
82612
82436
82452
82543
82456
82532
82569
82436
82452
82461
82558
82693
82579
82398
82502
82390
82476
82507
82558
82445
82291
82429
82534
82621
82576
82454
82432
82459
82684
82437
82585
82409
82504
82423
82450
82507
82590
82333
82486
82587
82443
82513
82609
82531
82468
82360
82504
82495
82585
82468
82477
82439
82393
82558
82531
82375
82687
82378
82296
82439
82578
82421
82459
82455
82578
82434
82566
82463
82479
82434
82533
82434
82578
82278
82468
82489
82390
82684
82560
82517
82399
82468
82396
82525
82508
82567
82461
82486
82581
82369
82423
82605
82491
82470
82432
82567
82450
82540
82428
82443
82504
82587
82542
82684
82446
82468
82423
82605
82504
82486
82356
82479
82513
82357
82572
82434
82500
82453
82495
82581
82581
82365
82531
82461
82477
82560
82579
82500
82714
82657
82447
82420
82614
82447
82501
82445
82470
82551
82442
82596
82425
82474
82560
82477
82468
82567
82639
82491
82477
82447
82459
82588
82608
82466
82457
82458
82411
82578
82495
82473
82477
82657
82495
82569
82423
82462
82452
82345
82468
82590
82399
82423
82501
82525
82505
82594
82473
82641
82483
82550
82496
82416
82553
82371
82485
82615
82480
82387
82599
82498
82457
82454
82493
82345
82579
82451
82501
82568
82464
82487
82570
82417
82477
82467
82597
82507
82615
82357
82466
82435
82575
82516
82550
82473
82453
82471
82454
82487
82629
82392
82369
82474
82435
82485
82615
82448
82495
82579
82474
82526
82365
82581
82518
82609
82406
82559
82473
82532
82528
82444
82446
82534
82475
82624
82427
82492
82501
82419
82548
82554
82537
82315
82553
82492
82489
82554
82723
82421
82413
82494
82512
82595
82340
82496
82331
82465
82503
82604
82446
82664
82437
82739
82462
82604
82342
82492
82480
82430
82498
82559
82417
82512
82606
82490
82523
82466
82568
82568
82372
82559
82505
82252
82622
82550
82448
82512
82514
82466
82568
82570
82482
82339
82421
82674
82572
82469
82401
82569
82461
82478
82585
82510
82545
82450
82528
82615
82510
82383
82458
82505
82572
82739
82439
82498
82374
82561
82498
82550
82517
82505
82624
82460
82597
82519
82487
82559
82432
82581
82437
82498
82540
82705
82599
82462
82435
82552
82516
82400
82510
82507
82559
82510
82550
82472
82507
82550
82543
82554
82492
82471
82566
82719
82499
82712
82483
82626
82527
82545
82501
82526
82590
82501
82572
82492
82480
82592
82669
82483
82497
82471
82557
82645
82463
82488
82466
82597
82556
82687
82489
82514
82563
82460
82338
82508
82480
82399
82460
82388
82507
82511
82366
82696
82347
82489
82520
82387
82387
82528
82402
82468
82408
82513
82284
82397
82540
82388
82507
82358
82439
82493
82379
82480
82460
82369
82568
82369
82478
82424
82372
82324
82347
82514
82343
82284
82493
82408
82460
82315
82480
82516
82405
82480
82376
82342
82495
82390
82394
82435
82401
82367
82329
82567
82343
82249
82559
82415
82507
82351
82458
82363
82381
82498
82351
82387
82477
82383
82389
82444
82478
82518
82349
82324
82174
82335
82534
82358
82475
82270
82432
82505
82376
82486
82361
82336
82541
82356
82459
82378
82345
82511
82322
82385
82394
82397
82376
82511
82302
82376
82256
82520
82322
82430
82415
82233
82417
82381
82455
82428
82296
82484
82357
82488
82354
82245
82534
82387
82489
82236
82245
82511
82381
82379
82495
82457
82437
82388
82486
82347
82343
82511
82396
82507
82370
82304
82349
82493
82570
82390
82381
82362
82541
82505
82408
82478
82460
82379
82516
82220
82379
82356
82550
82490
82347
82245
82532
82347
82442
82498
82381
82316
82345
82444
82412
82303
82417
82342
82329
82470
82354
82399
82495
82236
82369
82363
82414
82505
82442
82491
82342
82496
82354
82417
82494
82293
82274
82369
82432
82514
82478
82520
82372
82484
82477
82203
82523
82471
82448
82579
82460
82475
82620
82432
82561
82431
82434
82611
82353
82600
82496
82613
82480
82451
82572
82389
82608
82460
82512
82579
82449
82602
82451
82568
82600
82478
82478
82622
82454
82550
82456
82451
82431
82406
82586
82371
82510
82602
82484
82550
82373
82600
82514
82502
82552
82478
82604
82462
82453
82521
82543
82512
82431
82355
82561
82424
82649
82505
82560
82579
82409
82483
82435
82472
82588
82434
82586
82435
82550
82429
82510
82627
82458
82431
82382
82248
82618
82467
82491
82584
82390
82577
82485
82463
82545
82451
82613
82440
82447
82568
82487
82638
82467
82521
82505
82512
82638
82485
82503
82401
82447
82629
82449
82505
82536
82292
82501
82453
82422
82557
82450
82593
82466
82547
82426
82337
82606
82496
82573
82300
82337
82620
82453
82469
82554
82566
82489
82460
82595
82431
82433
82620
82505
82597
82460
82431
82602
82458
82552
82462
82385
82613
82439
82480
82577
82550
82532
82487
82353
82588
82469
82622
82458
82431
82562
82337
82604
82431
82435
82570
82496
82406
82447
82398
82539
82400
82546
82507
82426
82579
82604
82462
82471
82453
82409
82328
82595
82473
82400
82575
82532
82568
82438
82380
82566
82526
82419
82478
82550
82622
82491
82629
82444
82273
82586
82575
82613
82447
82418
82555
82593
82571
82426
82432
82537
82541
82562
82427
82447
82391
82576
82546
82474
82390
82535
82427
82571
82436
82400
82555
82481
82553
82427
82429
82508
82583
82598
82429
82457
82491
82526
82384
82432
82390
82562
82382
82589
82529
82343
82454
82508
82601
82465
82474
82461
82528
82573
82438
82448
82501
82454
82427
82432
82562
82309
82373
82625
82481
82543
82397
82555
82466
82411
82546
82455
82537
82427
82448
82526
82399
82511
82578
82409
82370
82439
82232
82619
82445
82454
82391
82553
82535
82436
82409
82589
82508
82396
82441
82438
82589
82519
82430
82418
82481
82490
82571
82445
82436
82472
82362
82580
82352
82418
82490
82463
82520
82255
82429
82362
82544
82540
82456
82417
82510
82303
82402
82582
82447
82574
82571
82313
82303
82447
82502
82517
82427
82517
82436
82571
82546
82432
82466
82456
82535
82436
82573
82364
82391
82589
82528
82438
82391
82384
82508
82553
82526
82456
82427
82598
82564
82445
82316
82459
82580
82538
82303
82432
82450
82382
82546
82490
82411
82448
82490
82388
82547
82361
82483
82548
82442
82573
82402
82447
82397
82294
82571
82447
82436
82576
82508
82598
82406
82439
82542
82477
82370
82399
82429
82454
82580
82580
82508
82420
82526
82571
82555
82286
82450
82526
82378
82437
82403
82454
82360
82492
82428
82410
82481
82399
82357
82475
82394
82441
82439
82311
82376
82448
82457
82378
82446
82311
82401
82448
82381
82457
82331
82439
82457
82313
82253
82453
82358
82428
82403
82313
82329
82419
82471
82331
82297
82330
82399
82475
82351
82265
82439
82421
82459
82302
82450
82428
82437
82374
82360
82340
82298
82448
82466
82360
82366
82341
82390
82414
82369
82481
82391
82403
82446
82404
82291
82475
82426
82455
82241
82339
82332
82435
82464
82527
82484
82297
82376
82482
82370
82412
82358
82430
82437
82390
82367
82466
82437
82428
82464
82455
82250
82419
82482
82354
82446
82308
82428
82428
82299
82448
82231
82444
82432
82356
82311
82461
82392
82445
82294
82414
82387
82405
82457
82294
82390
82263
82419
82414
82491
82376
82403
82338
82457
82352
82394
82428
82437
82484
82320
82378
82421
82383
82437
82648
82369
82459
82412
82450
82493
82394
82459
82349
82394
82376
82387
82260
82457
82401
82361
82294
82410
82421
82410
82369
82403
82349
82414
82426
82464
82471
82357
82355
82468
82378
82363
82423
82421
82450
82384
82414
82376
82285
82484
82374
82403
82357
82457
82435
82365
82326
82338
82469
82457
82385
82428
82475
82610
82423
82385
82394
82230
82392
82356
82466
82276
