80950
80833
80829
80867
80941
80856
80893
80964
80903
80932
80842
80887
80809
80925
80793
80793
80875
80791
80851
80896
80892
80792
80840
80831
80802
80879
80832
80793
80768
80842
80956
80874
80860
80860
80934
80920
80812
80869
80853
80831
80844
80832
80848
80864
80824
80770
80775
80885
80861
80809
80912
80902
80774
80856
80950
80748
80818
80821
80921
80941
80842
80853
80892
80968
80925
80892
80952
80878
80873
80950
81001
80793
80775
80764
80873
80924
80866
80851
80958
80851
80899
80967
80903
80838
80903
80757
80883
80847
80756
80869
80871
80948
80829
80833
80782
80865
80950
80818
80865
80822
80946
80774
80900
80809
80800
80905
80931
80800
80946
80891
80933
80842
80941
80869
80852
80831
80759
80896
80849
80764
80809
80842
80798
80820
80846
80860
80888
80826
80838
80838
80835
80802
80912
80853
80903
80915
80852
80925
80850
80982
80908
80997
80844
80887
80956
80936
80881
80801
80782
80782
80811
80852
80831
80811
80924
80932
80928
80923
80833
80842
80838
80748
80772
80824
80941
80918
80858
80793
80741
80978
80900
80782
80946
80946
80912
80946
80842
80865
80849
80787
80761
80943
80796
80892
80842
80818
80933
80809
80800
80861
80749
80925
80797
80865
80856
80867
80885
80831
80859
80847
80903
80912
80820
80811
80853
80838
80892
80925
80960
80833
80914
80937
80902
80766
80858
80833
80876
80913
80843
80791
81009
80920
80733
80817
80912
80874
80916
80928
80883
80809
80869
80905
80792
80878
80839
80811
80945
80770
80891
80821
80950
80775
80973
80874
80831
80860
80777
80927
80924
80941
80784
80851
80885
80909
80918
80919
80784
80883
80921
80782
80847
80904
80944
80932
80825
80774
80831
80869
80863
80919
80856
80869
80973
80716
81029
80786
80804
80903
80856
80915
80889
80831
80807
80810
80757
80912
80820
80923
80943
80848
80773
80804
80931
80916
80881
80866
80916
80896
80860
80783
80865
80811
80758
80896
80829
80802
80844
80905
80802
80905
80834
80894
80851
80941
80864
80851
80869
80894
80934
80966
80797
80860
80878
80860
80844
80922
80773
80940
80838
80903
80859
80851
80956
80775
80930
80865
80940
80818
80775
80867
80831
80805
80791
80924
80921
80933
80907
80817
80916
80901
80881
80851
80955
80903
80791
80878
80820
80757
80860
80896
80816
80837
80811
80864
80838
80878
80947
80955
80945
80811
80871
80919
80926
80886
80891
80842
80941
80860
80894
80895
80812
80791
80793
80723
80784
80860
80887
80734
80842
80920
80811
80757
80995
80851
80814
80831
80904
80748
80860
80843
80905
80804
80852
80782
80823
80895
80842
80919
80824
80825
80905
80940
80802
80808
80863
80992
80746
80880
80929
80823
80923
80744
80823
80869
80885
81013
80776
80819
80948
80871
80916
80869
80941
80728
80799
80840
80734
80958
80950
80791
80955
80895
80900
80925
80933
80928
80786
80914
80899
80818
80823
80845
80857
80966
80814
80910
80995
80752
80910
80809
80851
80784
80851
80802
80872
80847
80815
80802
80856
80851
80840
80836
80919
80887
80788
80869
80946
80887
80861
80780
80874
80799
80782
80959
80766
80800
80837
80810
80912
80928
80922
80889
80860
80851
80899
80851
80822
81029
80903
80777
80928
80822
80966
80918
80901
80899
80874
80871
80924
80914
80856
80831
80763
80838
80840
81002
80865
80897
80757
80860
80943
80892
80945
80847
80921
80939
80856
80869
80920
80883
80930
80809
80995
80950
80793
80862
80851
80767
80789
80802
80950
80823
80902
80753
80937
80928
80804
80838
80786
80783
80916
80950
80939
80916
80855
80864
80928
80923
80892
80921
80847
80782
80924
80884
80789
80833
80811
80877
80827
80829
80924
80875
80849
80920
80883
80876
80757
80838
80791
80766
80851
80813
80925
80895
80883
80773
80851
80919
80917
80846
80840
80912
80833
80912
80784
80829
80832
80877
80865
80804
80858
80911
80886
80838
80812
80964
80793
80751
80928
80852
80809
80874
80878
80686
80843
80761
80928
80852
80815
80902
80867
80911
80957
80834
80780
80923
80838
80907
80896
80802
80869
80899
80834
80780
80896
80925
80889
80921
80865
80946
80884
80809
80836
80950
80793
80883
80818
80892
80886
80920
80759
80894
80804
80984
80869
80927
80946
80878
80760
80795
80914
80784
80852
80914
80854
80838
80901
80823
80864
80809
80737
80824
80927
80934
80825
80843
80950
80740
80867
80918
80766
80791
80946
80865
80831
80835
80864
80928
80847
80864
80904
80878
80809
80925
80900
80851
80861
80888
80918
80834
80921
80909
80955
80785
80773
80824
80910
80874
80899
80817
80803
80901
80946
80759
80942
80738
80823
80829
80937
80939
80805
80824
80832
80987
80890
80775
80845
80946
80883
80904
80928
80853
80868
80830
80784
81001
80841
80824
80879
80950
80896
80962
80853
80773
80912
80925
80702
80933
80716
80903
80877
80968
80883
80916
80782
80812
80780
80991
80903
80911
80804
80971
80993
80866
80849
80851
80978
80868
80893
80940
80885
80969
80924
80782
80809
80830
80873
80830
80828
80939
80888
80929
80987
80829
80868
80858
80839
80869
80854
80830
80879
80929
80956
80897
80929
80897
80957
80898
80906
80890
80830
80881
80910
80869
80901
80888
80861
80812
80936
80922
80846
80875
80949
80811
80895
80893
80785
80881
80855
80958
80841
80978
80890
80902
81005
80877
80962
80989
80983
80915
80987
80846
81038
80812
80968
80801
80961
80928
80866
80995
80978
80888
81004
80868
80940
80940
80886
80794
80884
80879
80793
80908
80883
80985
80870
80863
80819
80987
80850
80818
80859
80949
80811
80937
80952
80800
80942
80887
80837
81034
80983
80970
80993
80879
80906
80838
80889
80796
80823
80933
80801
80823
80846
80835
80965
80857
80897
80879
80925
80875
80809
80872
80839
80978
80890
80940
80830
80889
80937
80962
81019
80983
80945
80881
80854
80924
80973
80824
80918
80819
80833
80819
80889
80855
80868
80961
80812
80969
80960
80962
80870
80875
80868
80785
80861
80922
80955
80895
80859
80778
81015
80832
80819
80850
80983
80949
80997
80983
80902
80974
80886
80798
80895
80980
80929
80950
80879
80970
81046
80846
80898
80854
80786
80834
80953
80902
80904
80920
80868
80859
80942
80940
80949
80876
80848
80890
80807
80929
80987
80962
80870
80911
80951
80939
80814
80803
80870
80978
80913
80880
80888
80791
80957
80955
80770
80949
80920
80911
80965
80859
80846
80906
80969
80829
80915
80868
80848
80982
80956
80928
80858
81010
80812
81010
80823
80868
80897
80868
80964
80961
80868
80821
80847
80922
80946
80832
80956
80821
80885
80958
80819
80968
80941
80981
80903
80862
80811
80897
80906
80900
80823
80893
80906
80841
80753
80942
81066
80841
80942
80940
80952
80888
80926
80844
80888
80794
80949
80971
80960
80980
80897
80810
80841
80881
80953
80918
80977
80953
80933
80896
80820
80902
80993
80795
80933
80877
80839
80881
80812
80839
80871
80842
80931
80958
80978
80901
80854
80906
80931
80918
81003
80834
80940
80915
80897
80857
80959
80810
80933
80875
80940
80874
80888
80812
80850
80967
80977
80992
80855
80904
80908
80868
80791
80923
80961
80970
80978
80944
80916
80932
80938
80805
80888
80992
80872
80828
80915
80854
80794
80897
80823
80853
80848
80863
80901
80915
80941
80984
80982
80855
80848
80956
80889
80963
80932
80928
80879
80836
80897
80931
80977
80849
80828
80875
80760
80821
80917
80924
80771
80960
80957
80794
80906
81032
80851
80813
80868
80785
80985
80897
80942
80906
80841
80819
80836
80860
80879
80995
80956
80825
80992
80942
80839
80962
80845
81029
80823
80783
80966
80855
80860
80781
80869
80860
80947
80922
81050
80947
80856
80908
80888
80953
80978
80814
80765
80877
80852
80771
80987
80863
80828
80932
80956
80937
80906
80970
80965
80898
80951
80936
80836
80860
80882
80803
81003
80851
80847
81032
80789
80959
80846
80821
80897
80888
80872
80863
80884
80839
80940
80893
80877
80859
80873
80924
80938
80825
80983
80908
80924
80817
80893
80911
80819
80850
80996
80837
80877
80874
80949
80872
80965
80926
80982
80888
80936
80958
80859
81066
80906
80814
80967
80965
81003
80987
80918
80936
80888
80911
80961
80839
80951
80868
80939
80800
80877
80965
81039
80934
80823
80794
80980
80987
80929
80884
80892
80976
80960
80893
80957
80859
80920
80809
80921
81032
80830
80848
80899
80804
80841
80826
80987
80887
80860
80790
80895
80974
80841
80850
80875
80820
80863
80953
80976
80932
80953
80901
80863
80965
80929
80883
80958
80819
80845
80961
80826
80866
80870
80914
80877
80864
80961
80895
80886
80957
80850
80913
80805
80794
80828
80864
80803
80850
80890
80962
80920
80798
80810
80956
80852
80954
80877
80948
80949
80949
80817
80821
80869
80944
80914
80841
80881
80948
80868
80923
80817
80849
80783
80926
81001
80788
80753
80983
80965
80846
80930
80821
80911
80723
80833
80830
80880
80965
80840
80929
80889
80939
80853
80796
80904
80994
81021
80813
80871
80960
80983
80899
80875
80896
80807
80898
80839
80936
80889
80773
80871
80933
80850
80901
80962
80901
80958
80900
80902
80836
80921
80957
80873
80837
80987
80884
80920
80987
80818
80983
80955
80923
80957
80805
80983
80931
80841
80918
80872
80906
80964
80870
80859
80915
80797
80891
80890
80951
80821
80912
80937
80951
80891
80966
80925
80938
80823
80848
80958
80846
80774
80839
80822
80964
80971
80947
80893
80880
80777
80854
80930
80904
80803
80983
80882
80828
80902
80979
80930
80868
80901
80841
80839
80965
80901
80842
80930
80941
81005
80809
80869
80962
80881
80888
80803
80898
80940
80955
80867
80871
80904
80946
80818
81037
80992
80810
80825
80915
80861
80911
80966
80998
80936
80840
80896
80930
80938
80796
80987
80869
80775
80860
80913
80929
80974
80976
80952
80959
80861
80869
80816
80804
80927
80812
80947
80899
80983
80920
81007
80827
80965
80890
80885
80802
80867
80821
80904
80813
80878
80921
80861
80828
80987
80818
80933
80965
80890
80909
80810
80893
80962
80993
80739
80929
80753
81023
80940
80907
81005
80876
80920
80912
80819
80890
80849
80932
80965
81028
80940
80822
80965
80841
81030
80820
80952
80902
80888
80787
80866
81014
80929
80946
80821
80976
81023
80924
80815
80978
80863
80972
80821
80866
80866
80911
80824
80864
80924
80931
80891
80965
80883
80917
80869
80904
80893
80877
80874
80905
80866
80938
80804
80915
80992
80913
80823
80933
81019
80933
80903
81011
80882
80942
80823
80926
81004
80917
80817
80914
80964
80937
80884
81014
80897
80848
80919
80904
80958
80900
80959
80904
80967
80847
80767
80915
80929
80839
80919
80849
80994
80899
80847
80909
80868
80869
80926
81014
80985
80851
80998
81041
80988
80765
81007
80951
80923
80918
81074
81023
81070
80983
80855
80848
81029
80830
80902
80997
80874
80924
80680
81031
80859
80787
80976
81040
80859
80843
80830
80976
80983
80829
80830
80920
80915
81021
80839
80944
80845
80873
80755
80906
81014
80872
80805
81023
80866
80847
80821
80895
80973
80854
80894
80991
81019
80891
80783
80978
80890
81006
80921
81019
80860
80942
80903
80869
80915
80832
80912
80891
80907
80837
80848
80858
80951
80871
80998
80939
80882
80904
80933
80767
80893
80958
80911
80983
80961
80895
80875
80877
80926
80868
80976
80831
80926
80886
80998
80804
80925
81033
80999
80939
81055
81010
80960
80847
80917
80967
80954
80824
81009
80986
80855
80828
80873
81082
80904
80900
80907
80890
81005
80822
80997
80989
80906
80858
80996
80938
80839
80838
80911
80978
80991
80813
80897
80930
80814
80840
80931
80843
80855
80939
81023
81051
80985
80833
80947
81001
80850
80956
80821
81019
81014
80861
80838
80904
80924
80947
80856
80998
80991
81006
80948
80915
80956
80934
80893
80882
80895
80879
80893
80822
81005
80940
80903
80938
80904
80895
80876
80886
80992
80985
80878
80976
81046
80926
80858
80884
80859
80998
80867
80965
80904
80987
80905
80906
80904
80857
80893
80975
80883
80949
80894
80906
80868
80845
80838
80916
80903
80806
80812
81011
81022
80965
80939
80876
80985
80891
80933
80839
81001
80859
80865
80942
80912
80877
80884
80951
80808
80978
80964
81018
80858
80978
80848
80876
80905
80924
80904
80831
81046
80924
81000
80933
80930
81007
80857
80979
80930
80933
80982
80958
80872
80917
80857
80824
80992
81013
80873
80849
80994
80932
81017
80905
80977
81011
80847
80913
80898
80820
80918
80848
80942
80790
80942
80878
80929
80967
80994
81084
80807
80870
80872
80976
80895
80877
80954
80962
80988
80890
80976
80848
80880
80850
80893
80996
80985
80936
80969
80846
81016
80935
80910
80989
80877
80810
80886
80989
80954
80938
81028
80856
80969
80937
80944
80849
80938
80994
80941
80875
80987
80921
81014
80875
80917
80968
81020
80967
80823
80907
80842
80908
80937
81014
80955
80890
80967
80942
80907
80859
80879
81021
80928
80899
80915
80951
80949
80977
80864
80995
81003
80891
80976
80911
80885
80925
80848
80924
80876
80968
81013
80985
80930
80854
80940
80891
80967
81013
80845
80904
80919
80893
81006
80997
80967
80953
80952
80996
80876
80962
80924
80924
80967
80956
80864
80849
80906
81028
80848
81021
80840
80951
80898
80924
80933
80904
80937
80872
80884
80855
81020
81031
80951
80862
80866
81010
81018
81003
80999
80998
80992
80933
80859
80915
80964
80906
80891
80967
80933
80966
80887
80882
80903
80996
80983
80857
80796
80841
80983
80825
80960
80936
80924
80848
80975
80864
80850
80905
81068
80839
80888
80839
80850
80904
80899
80978
80992
80933
80865
80873
80942
80877
81002
80915
80952
80896
80930
80861
80890
80974
80966
80875
80839
80944
80996
80865
81065
80881
80949
80977
81002
80819
80969
80915
80826
80896
80859
80899
80958
80857
80976
80892
80896
80895
80989
81086
80824
80974
80801
80944
80858
80944
80825
81014
80852
80911
80913
80864
80858
80886
81023
80973
80861
80913
80968
81001
80928
80908
81006
80981
80906
81018
80987
80936
80911
80994
80896
80887
80841
80942
81039
80843
80860
81003
81068
80940
80857
81023
80908
80924
80882
80860
80875
80893
80924
80829
80975
80913
80920
80921
81001
80942
80956
80929
80859
81019
80996
80909
81023
80853
80861
80804
80928
80873
80960
80886
80996
80882
80884
80947
80895
80906
80985
81032
80962
80928
80957
80888
80884
80972
80983
80802
80895
81102
80955
80924
80905
81020
80895
81001
80931
80867
80850
80954
80886
81021
80716
80947
80899
80824
80972
80987
80968
80880
80979
80899
80836
80867
80904
80919
81075
80881
80876
80913
80848
80902
80970
80792
80965
80913
80842
81016
81012
80922
80920
80858
80993
80886
80929
80931
80863
80841
80974
80820
80866
80900
81068
80958
80840
80926
80940
80935
81023
80834
80949
80880
80826
80888
80895
80896
80877
80984
80976
81010
80856
80835
80804
80911
81012
80980
81020
80989
80937
80917
80914
80989
80965
80853
80868
81001
80962
80873
80841
81019
80994
80880
80857
80976
80997
80950
80866
80884
80906
80997
80965
80861
80900
80993
80832
80865
80904
80848
81057
80937
80949
80839
81019
80859
80864
80998
80843
80895
80886
80864
80925
80875
80956
80990
80886
80850
80992
80985
80937
80877
80895
80857
80872
80976
80985
80950
80873
80870
80905
80984
81023
80858
80877
80903
80991
80875
80959
80824
81019
80893
81037
80882
80908
81001
80985
80895
80741
80926
80947
80930
81001
80973
80930
80916
80975
80961
80907
81012
80940
80940
80913
80996
80994
80858
80907
80915
80932
80965
80911
80895
80972
80908
80893
80904
80969
81019
80907
80942
80994
81015
80998
80930
80957
80877
80938
80931
81023
80878
80909
80875
80872
80996
80956
80849
80993
80872
80959
80913
80895
80922
80967
80876
81000
80904
80942
80949
80851
81037
80951
80845
80857
80906
80987
80895
80909
80971
80987
80942
80859
80912
80974
80868
80828
80978
80882
80967
81007
80877
81000
80967
80813
80952
80916
80857
80909
80834
80940
80929
80938
80861
80980
80882
80886
80937
80894
80904
80941
80937
80886
81001
80856
80863
80921
80977
80924
80826
80836
80998
80991
81003
80909
80934
80982
80924
80993
80907
80864
80913
81014
81010
80947
80926
80876
80876
80915
80886
80899
80832
80972
80972
80947
80896
80956
80971
80965
81030
80811
80846
80961
81010
80905
80974
80866
80897
80848
80973
80946
80963
80956
81030
80906
81019
80926
80957
80972
81001
80857
81056
80902
80921
80897
80931
80878
80896
80908
80978
80991
80877
81023
80864
80943
80947
80926
80775
80946
80913
80998
80976
80985
81001
80798
80956
81039
80900
81041
80867
80921
80977
80855
80912
80976
80964
81064
80984
81066
81005
80877
81003
80924
80868
80866
80955
80929
80904
81005
81003
80969
80906
80976
80894
80827
80919
80969
80985
80866
80890
80866
80942
80906
80850
80864
80876
80883
80967
80983
80940
80893
80970
80904
80891
80866
80914
80896
80898
80965
81025
80888
81039
80897
81002
80906
80969
80960
80874
80993
80942
80881
80859
80917
81002
80955
80859
80914
81032
80848
80906
80870
80900
80877
80836
80976
80972
80847
81005
80949
80839
80882
80866
80911
80994
80875
80973
80891
80917
80886
81019
81005
80901
80989
80881
81014
81038
80942
80869
80998
80966
81038
80878
81014
81002
80855
80855
80821
80980
80920
80848
80997
80985
80888
80971
81005
81022
80967
80904
80895
81049
80830
80958
80893
80976
80811
80895
80860
80902
80967
80886
80894
80935
80873
80886
80897
80888
81015
80854
80894
81014
81010
80865
80897
80859
80913
80836
80964
80973
80995
80891
80924
81064
80987
80988
80872
80947
81019
80906
80971
80877
80888
80832
80956
80896
80898
80837
80969
80976
80933
80853
80912
80864
80896
80924
80816
80929
80847
80893
81014
80957
80961
80875
80947
80992
80940
80899
80832
80989
80917
81032
81005
80907
80933
80972
80840
80991
81046
80922
80951
80947
80920
80927
80881
80895
80855
80942
81009
80996
80922
80855
80924
80859
80978
80838
80925
80992
80915
80997
80991
81046
80987
80839
81056
80859
80911
81000
80903
80904
80897
80814
80752
80895
80913
80873
80860
80847
81033
80949
80916
80886
80920
81001
80903
80885
80825
81019
80912
80977
80947
80895
80828
80939
80979
80989
80924
80878
80859
80898
80906
80894
80877
80861
80882
80967
80969
80922
80804
80856
80904
80994
80938
80969
80933
80886
80949
80976
80897
80994
80899
80985
80998
80884
80971
80931
80915
81012
80978
80965
80908
80906
80857
80840
80986
80949
80975
81056
80923
80827
80906
80950
81002
80806
80934
80886
80913
80947
80993
80877
80848
80891
80985
81012
80887
80883
81001
80920
80994
80897
80884
80915
80863
80924
80901
80928
80972
81018
80848
80973
80976
80876
80904
80895
80893
81046
80982
80931
80978
80924
80911
80857
80892
80961
80886
80955
80886
80958
80913
80857
81001
80992
81012
80873
80935
80976
80906
80990
80923
80950
80912
80865
81005
80898
80911
80918
80959
80915
80929
80906
80823
80920
81021
81066
80899
80771
80940
80966
80881
80877
80948
80953
80877
80988
80976
80848
80890
80844
80949
80978
80950
80985
80951
80864
80873
80898
81007
80931
80980
80950
80868
80940
80962
80845
80954
80978
80874
80986
80960
80984
80849
80893
80938
80967
80875
80953
80911
80875
80978
80987
80903
80967
80908
80915
80949
80937
80925
80849
80912
80967
81005
81021
80985
80879
80915
80915
80881
80879
81012
80872
80931
80864
80924
81004
80978
80940
80986
80992
80904
80848
80911
80971
80985
80986
80906
80823
81003
80958
80985
80882
80945
80827
80873
80887
80897
81006
80895
80983
80922
80934
80997
80983
80941
80888
80953
80933
80874
80882
80956
80850
80817
80848
81028
80879
80985
80880
80942
80890
80888
80955
80906
80992
80904
80993
80902
80915
80926
80866
80924
80934
80877
80999
81018
80872
80972
80897
80992
80839
80935
80913
80946
80856
80837
80882
80968
80924
80929
80897
80857
80876
80919
80890
80807
80769
80976
81030
80848
80933
80895
80957
80905
80957
80974
81020
80839
81059
80935
80878
80969
80904
80902
80991
80891
80924
80868
80943
80879
80859
80913
80946
80861
80887
80899
80985
80875
80956
81018
81021
81047
80969
80994
80885
80984
80899
80933
80876
80819
80799
81003
80948
80896
80958
81014
81003
80896
80874
80897
80955
81059
80971
80857
81003
80819
80917
80975
80876
80807
81005
81001
80985
80864
80868
80859
80915
80946
81014
81014
80946
80876
80941
81001
80987
80940
81006
80963
80877
80873
80978
80936
80957
80880
80869
80860
80884
81021
80798
81021
80877
80969
81041
80857
80896
80951
80864
80917
80931
80984
80893
80906
80868
81032
80902
80913
80890
80895
80933
80929
80941
80983
80972
80891
80890
80844
80882
80852
80910
80891
80875
80933
80872
80886
80882
80929
80902
80949
80865
81023
80913
80953
81002
80910
80922
80972
80983
80966
80886
81066
81002
80897
80841
80980
80895
81001
80900
80917
80985
80936
80832
80834
81005
80956
81003
80879
80895
80978
80972
80948
80911
80827
80970
80826
80860
81039
80886
80971
80912
80848
80913
80908
80888
80965
80970
80853
80840
80994
81007
80953
80897
80993
80938
80992
80964
80827
80911
80857
80866
80897
80956
80866
80840
80947
81041
80965
80996
80926
80877
80814
80808
80853
80860
81039
80895
80896
80976
81037
81010
80874
80878
80861
80911
81012
80847
80898
80980
80955
80957
80877
80980
80965
80974
80919
80983
80873
80863
81005
80994
80862
80858
80855
80997
80968
80904
81014
80879
81015
80902
80991
80900
80984
80915
81019
80886
80848
80897
80881
80949
80839
80838
80895
80864
80989
80973
80899
80868
80882
81020
80973
80965
80990
80858
80997
80992
80931
80746
80994
80886
80857
80842
80858
80985
80968
80871
80965
80905
80966
80885
80836
80859
80867
80912
81019
80977
80842
80801
81015
81019
80846
80860
80877
81001
80723
80894
80851
81001
80947
80949
80951
80957
80880
80856
80827
80958
80898
80976
80886
80987
80940
80976
80850
80932
80925
80985
80983
80972
80911
80931
80861
80942
80893
80944
80994
80876
80925
80958
80840
80933
80989
80948
81020
80859
80902
81014
80941
80898
80836
80909
80904
80762
80975
80947
80859
80893
80877
80950
81012
80953
80982
80967
80902
80831
80951
80833
80915
80850
80960
80857
80919
80867
80909
80978
80973
80764
80978
80859
80895
80855
80974
80828
80931
80939
80882
81007
80929
80969
80991
80813
80886
80822
80916
80857
80895
80836
80940
80947
81012
80911
80864
80928
80906
80911
80904
80955
80876
80898
81001
80845
80929
80812
80950
80915
80929
80892
80989
80973
81021
80870
80955
80952
80966
80918
80882
80889
80948
80857
80956
81010
80958
80877
80915
80840
80949
80863
80814
80972
80823
80933
80851
80938
80884
80931
80994
80802
80859
80922
80860
81010
80965
80987
80866
80861
80828
80966
80950
80965
80963
80967
80910
81019
80926
80929
80960
80983
80857
80867
80850
80894
80897
80949
80850
80878
80978
80858
80861
81014
80864
80985
80865
80917
80793
80863
80845
80989
80958
80904
80814
80956
80780
80978
80931
80867
81032
80904
80934
80940
80855
80985
80869
81048
81064
81003
81016
80888
80877
80945
80975
80875
80848
80888
80820
80969
80960
80922
80805
80791
80922
80887
80805
80812
80924
80929
80802
80870
80812
80861
80790
80811
80810
80791
80949
80821
80911
80960
80870
80812
80850
80812
80859
80919
80851
80938
80872
80965
80861
80879
80832
80836
80879
80888
80918
80806
80957
80863
80917
80815
80883
80872
80792
80837
80794
80860
80920
80794
80828
80843
80919
80944
80793
80904
80976
80850
80767
80913
80903
80904
80940
80875
81002
80841
80872
80855
80824
80814
80944
80960
80937
80832
80897
80987
80889
80979
81020
80989
80892
80956
80783
80969
80931
80913
80848
80794
80985
80932
80870
80943
80867
81028
80922
80977
80858
80836
80776
80986
80930
80935
80775
80922
80949
80884
80967
80866
80901
80924
80801
80890
80949
80876
80800
80852
80840
80789
80793
80969
80969
80931
80782
80841
80893
80888
80837
80796
80937
80822
80960
80952
80924
80886
80870
80888
80965
80837
80937
80861
80778
80844
80902
80853
80783
80985
80841
80915
80817
80915
80951
80828
80879
80888
80850
80839
80857
80948
80938
80907
80821
80978
80992
80872
80922
80823
80805
80872
80944
80918
80850
80945
80871
80828
80850
80906
81001
80821
80829
80900
80863
80832
80814
80783
80955
80847
80849
80850
80819
80984
80968
80951
80853
80912
80885
80852
80943
80948
80879
80767
80942
80926
80805
80937
80823
80857
80931
80760
80924
80843
80951
80924
80801
80877
80841
80870
80931
80997
80839
80870
80902
80806
80947
80953
80807
80965
80840
80879
80893
80834
80850
80863
80952
80840
80944
80959
80880
80843
80861
80878
80910
80825
80957
80828
80859
80870
80886
80768
80794
80893
80841
80884
80824
80823
80931
80832
80940
80842
80872
80922
80818
80922
80830
80944
80900
80933
80842
80911
80922
80785
80852
80793
80839
80895
80921
80903
80915
80773
80938
80852
80856
80978
80734
80862
80832
80957
80911
80786
80974
80931
80828
80868
80890
80947
80811
80866
80887
80888
80830
80888
80960
80897
80910
80870
80914
80964
80794
80784
80769
80822
80850
80937
80854
80992
80946
81020
80836
80879
80803
80849
80805
80943
80845
80928
80698
80923
80904
80803
80806
80837
80938
80801
80862
80871
80940
80963
80849
80914
80923
80858
80793
80800
80844
80774
80864
80959
80888
80824
80888
80839
80875
80840
81048
80899
80753
80913
80922
80942
80841
80802
80908
80870
80934
80940
80776
80795
80826
80942
80922
80967
80931
80792
80931
80870
80962
80935
80877
80818
80823
80958
80935
80977
80900
80802
80786
80956
80915
80777
81020
80944
80884
80821
80896
80805
80933
80832
80821
80837
80863
80823
80913
80833
80853
80929
80883
80958
80929
80960
80913
80866
80870
80888
80843
80825
80796
80967
80847
80861
80834
80897
80792
80919
80845
80941
80922
80841
80938
80857
80794
80877
80888
80870
80959
80857
80898
80931
80886
80832
80818
80837
80773
80877
80785
80850
80952
80958
80811
80943
80898
80852
80923
80908
80870
80858
80861
80902
80810
80857
80845
80974
80776
80875
80922
80897
80967
80844
80841
80879
80883
80912
80920
80830
80966
80894
80890
80897
80922
80812
80857
80964
80895
80945
80832
80938
80897
80859
80861
80854
80910
80913
80877
80964
80879
80810
80886
80940
80849
80803
80924
80888
80742
80753
80912
80949
80906
80776
80913
80969
80921
80851
80857
80870
81014
80767
80831
80821
80850
80924
80895
80921
80879
80801
80858
80947
80861
80823
80931
80805
80807
80842
80827
80969
80920
80821
80877
80874
80942
81011
80924
80942
80827
80948
80850
80841
80772
80765
80931
80903
80904
80842
80949
80830
80838
80842
80891
80841
80935
81032
80843
80851
80729
80868
80890
80877
80753
80923
80960
80832
80792
80856
80859
80845
80919
80826
80969
80914
81003
80947
80914
80845
80927
80865
80924
80952
80827
80913
80864
80933
80848
80926
80833
80842
80859
80886
80789
80985
80868
80972
80803
81014
80832
80971
80854
80828
80787
80846
80839
80870
80846
80974
80866
80859
80872
80973
80875
80888
80780
81030
80965
80855
80834
80957
80799
80807
80930
81056
80801
80906
80781
80878
80819
80893
80926
80991
80931
80978
80863
80943
80874
80908
80799
80946
80929
80900
80908
80985
81048
80870
80965
81039
80841
80947
80803
80921
80796
80900
80812
80912
80967
80893
80911
80984
80918
80933
80778
81003
80782
80925
81003
80955
81021
80850
80965
80985
80776
80859
80789
80894
80916
80911
80871
80985
80832
80958
80962
80942
80883
80939
80866
80876
80818
80791
80875
80922
80819
80812
80902
80969
80891
81014
80786
80937
80898
80881
80969
80965
81039
80826
80772
80854
80969
80842
80823
80841
80942
80956
80802
80872
81002
80857
80958
80919
81032
80935
80883
80907
80877
80935
80911
80940
80972
80947
80801
80804
80882
80940
80826
80911
80875
80943
80896
80854
80886
80852
80943
80965
80901
80846
80939
80961
81038
80850
80776
80823
80966
80913
80785
80824
81002
80810
80944
81005
80980
80832
80792
80881
80985
80902
80936
80940
81005
80938
80931
80904
80895
80841
81037
80803
80893
80931
80915
80896
80860
80851
80998
80930
80894
80823
80930
80849
80888
80969
80905
80752
80876
80913
80983
80828
80897
80952
80947
80687
80964
80816
80893
80947
80924
80947
80862
80921
80947
81007
80853
80958
80877
80885
80886
80942
80896
80904
80853
80878
80976
80903
80857
80900
80818
80896
80839
80915
80891
80847
80853
80940
80975
80957
80944
80903
81023
80992
80884
80969
80876
81032
80855
80800
80890
80840
80902
80939
80965
80922
80905
80841
80965
80920
80913
80946
80934
80942
80888
80797
80866
80924
80897
80803
80946
80838
80933
80924
80855
80991
80933
80972
80805
81056
80920
80911
80756
80903
80828
80931
80953
80734
80917
80946
80741
80851
80877
80862
80785
80916
80938
80886
80884
80903
80913
80828
80883
80894
81019
80850
80883
80828
80882
80947
80791
80878
81004
80923
80870
80894
80964
80944
80937
80967
81014
80880
80928
80856
80904
80853
80792
80886
80994
80956
80893
80915
80976
80861
80822
80919
80985
80918
80778
80899
80931
80902
80842
80868
80994
80757
80976
80985
80840
80956
80988
80851
81056
80843
80923
80794
80950
80909
81070
80902
80886
80965
81029
80872
80877
80874
80947
80803
81012
80859
80867
80843
80920
80859
80842
80924
80897
80983
80969
80792
80901
80915
80872
80721
80973
80845
80944
80922
80895
81014
80744
80902
80931
80866
80987
80813
80911
80973
80801
80922
80886
81019
81010
81012
80913
80890
80823
80870
80860
81012
80902
80929
80869
80906
81014
81023
80891
80912
80976
80827
80848
80911
80960
80848
80998
80911
80866
80924
80904
81003
80864
80958
80847
80966
80947
80895
80875
80948
80904
80868
80848
80976
80905
80886
80992
80949
80915
81033
80933
80951
80933
80992
80924
80931
80949
80993
80917
80940
80986
80926
80919
80978
81082
80905
80848
80966
80890
80897
80864
80967
80989
80958
80847
80911
80938
80967
80803
80885
80978
80929
80994
80949
80912
80873
80926
80912
80834
81014
80998
80985
81005
81041
80951
80881
80947
81007
81074
80913
80850
81023
80819
80978
81014
80848
80884
80904
80924
80997
80924
80985
80973
81031
80976
81003
80938
81040
80830
80945
80895
80976
80829
80897
81005
80920
81003
80922
80904
80944
80837
80992
80906
80836
81046
81023
80847
80859
80895
80818
80886
80973
80873
80904
80978
80883
81006
81019
80868
80942
80915
80903
80832
80907
81022
80837
80933
80939
80871
80882
80933
80933
80893
80859
80911
80961
80877
80857
80926
80960
80976
80978
80926
80998
80924
80925
80981
80924
81055
80960
81007
80917
80954
80933
81009
80819
80917
80855
80904
81013
80889
81005
80932
80997
80906
81011
80996
80821
80913
80911
80848
80991
80897
80878
80823
80931
80994
80819
81051
80872
80985
80983
80954
80956
81019
80976
80852
80904
80893
80947
80998
80969
81006
80915
80910
80934
80882
80886
80870
80822
81028
80940
80938
80944
80895
80886
80923
80985
80976
81014
80926
80866
80968
80947
80998
80823
80906
80987
80908
80975
80821
80890
80906
80949
80859
80809
80898
80899
80770
80993
80977
80965
80891
80985
80925
80864
81001
80968
80865
80942
80854
80866
80951
81013
80946
81018
80893
80830
80876
80953
80904
81046
80996
81000
80915
80924
80839
80979
80849
80982
80958
81021
80839
80992
80924
80837
80994
80854
81017
80977
81031
80847
80898
81010
80900
80942
80998
80942
80929
80859
81084
80789
80891
80976
80877
80887
80962
80988
80983
80812
80880
80983
80996
80967
80924
80846
81016
80850
80989
80877
80888
80989
80936
80899
80856
80969
80992
80813
80938
80942
80857
80934
80969
80872
80857
80917
80839
80967
80889
80865
80919
81014
80977
80967
80942
80915
80870
81021
80899
80915
80951
80976
80828
80995
80895
80976
80911
80974
80830
80924
80944
81013
80985
80911
80940
80891
80886
80809
80904
80913
81006
80997
80908
80952
80962
81018
80924
80956
80994
80828
81028
80942
80812
80951
81003
80889
80933
81005
80919
80924
80866
81020
80875
80951
80866
80975
81018
80999
81001
80992
80915
80859
80964
80967
81023
80933
80846
80928
80885
80839
80978
80796
80789
80895
80960
80812
80939
80975
80887
80884
81068
80803
80895
80904
80905
80978
80933
80931
80837
80877
80886
80897
80896
80899
80861
80974
80968
80875
80996
80899
81065
80863
80919
81002
80819
80881
80817
80878
80902
80958
80878
80913
80892
81068
80922
80989
80886
80944
80765
80841
81014
80789
80900
80913
80828
80926
81023
80973
80834
80968
81001
80888
81006
80972
80984
80987
80900
80835
80896
80887
80980
81039
80843
80917
81068
80839
80853
80882
80890
80962
80924
80875
81019
80920
80913
80857
80929
80866
80942
80909
80965
81019
80843
80823
80853
80960
81039
80837
80947
81019
80855
81032
80843
80985
80910
80925
80962
80983
80886
80936
80924
80937
81102
80895
80872
81001
80841
80873
80954
81003
81005
80929
80954
80991
80987
81019
80979
80836
80908
80904
81075
80895
80913
80830
80926
80970
80965
80955
81016
81012
80961
80920
80993
80994
80929
80827
80858
80956
80848
80965
81068
80822
80908
80935
81023
81019
80862
80826
80997
80878
80877
80877
81010
80856
80878
80911
81012
80971
80919
80989
80965
81001
80837
80994
80844
80997
80932
80906
80997
80900
80993
80904
80812
80949
80821
80864
80980
80886
80828
80938
80990
80992
80985
80895
80839
80985
80932
80887
80984
80877
80885
80959
80788
81037
80882
81001
80732
80947
81001
80916
80975
80907
81012
80940
80996
80889
80932
80911
80936
80875
80969
80889
80994
80998
80957
80938
81023
80909
80836
80956
80993
80959
80877
80967
81000
80942
80833
80951
80839
80987
80909
80987
80859
80956
80792
80882
81007
81000
80777
80916
80821
80940
80920
80864
80937
80904
80919
80983
80827
80977
80924
80998
80991
80916
80982
80907
80828
81010
80929
80879
80858
80972
80832
80956
80896
80811
81030
81010
80905
80897
80848
80963
80938
81019
80926
81001
80839
80903
80897
80896
80969
81023
80828
80926
80757
80998
80976
80771
80956
81041
80867
80855
80976
81064
81066
80877
80906
